23:04:25.443 [app] carte : protocole 1.3
23:04:25.458 [app] prêt : FE 24-105mm F4 G OSS — focus par « - »
23:04:26.845 > LOG ON
23:04:26.847 ok log=1 all=0
23:04:28.553 > b
23:04:28.556 ok
23:04:28.573 * session 7245 powering
23:04:28.696 * std 7364 step=handshake result=ok lens_cs_up_us=0
23:04:28.697 * session 7364 identifying
23:04:28.698 * tx 7365 F0 29 00 02 98 01 FF FF FF FF FF FF FF 01 00 00 00 00 00 00 00 00 00 00 00 00 00 00 00 00 00 00 00 00 00 00 00 00 BE 07 55
23:04:28.698 * rx 7366 F0 29 00 02 00 01 FF 9F FF 5D EE 60 18 DE FF 0F F8 01 00 00 00 00 00 00 00 00 00 00 00 00 00 00 00 00 00 00 00 00 71 07 55
23:04:28.699 * tx 7367 F0 0A 00 02 99 07 00 AC 00 55
23:04:28.700 * rx 7367 F0 2B 00 02 00 07 01 07 60 01 00 03 01 17 A0 25 80 00 00 00 00 60 92 86 5E 00 00 00 00 00 00 00 42 0D 03 00 00 00 00 00 25 04 55
23:04:28.701 * tx 7369 F0 0A 00 02 9A 3F 00 E5 00 55
23:04:28.702 * rx 7370 +0/74#6 F0 4A 00 02 00 3F 00 46 45 20 32 34 2D 31 30 35 6D 6D 20 46 34 20 47 20 4F 53 53 00 00 00 00 00 00 00 00 00 00 00 00 00 00 00 00 00 00 00 00 00 00 00 00 00 00 00 00 00 00 00 00 00 00 00 00 00
23:04:28.702 * rx 7370 +64/74#6 00 00 00 00 00 00 00 4F 05 55
23:04:28.703 * tx 7371 F0 11 00 02 9B 08 00 00 00 00 00 00 00 00 B6 00 55
23:04:28.703 * rx 7374 +0/210#8 F0 D2 00 02 00 08 05 14 00 19 04 00 00 80 00 14 01 01 12 E1 01 82 00 24 01 05 40 00 08 00 19 00 10 31 A8 1D 00 16 00 00 00 00 00 00 00 00 E0 74 00 F0 FF 84 38 00 00 08 32 35 40 2A 00 00 00 00
23:04:28.704 * rx 7374 +64/210#8 00 00 00 74 35 04 32 00 00 00 00 00 00 00 F3 F3 07 FB FB 00 08 01 04 04 24 BD 00 80 01 00 00 00 00 00 00 00 00 01 01 01 09 09 00 00 00 00 00 E6 80 DD 52 00 D0 DD DF F0 00 08 A0 DD E0 00 52 00
23:04:28.705 * rx 7374 +128/210#8 10 10 00 03 00 00 00 00 00 00 00 84 64 27 00 06 10 FF 33 00 00 00 00 00 03 00 00 00 00 00 00 00 00 00 00 00 00 0C 0C 00 00 00 00 00 00 00 05 00 01 00 40 42 00 00 07 07 00 00 07 00 00 00 00 00
23:04:28.706 * rx 7374 +192/210#8 00 00 00 00 00 00 00 00 00 13 00 F6 00 0A 01 F5 1C 55
23:04:28.706 * tx 7377 F0 0B 00 02 9C 0B 60 00 14 01 55
23:04:28.707 * rx 7378 F0 0B 00 02 00 0B 60 00 78 00 55
23:04:28.707 * tx 7379 F0 0D 00 02 9D 09 00 00 00 00 B5 00 55
23:04:28.708 * rx 7381 F0 14 00 02 00 09 10 00 00 00 00 00 00 00 00 00 00 2F 00 55
23:04:28.708 * tx 7381 F0 0A 00 02 9E 0D 00 B7 00 55
23:04:28.733 * rx 7404 F0 0A 00 02 00 0D 01 1A 00 55
23:04:28.734 * tx 7404 F0 0A 00 02 9F 10 1F DA 00 55
23:04:28.865 [app] bornes inconnues à cette focale (?) : Calibrer pour les mesurer
23:04:29.015 * rx 7685 F0 0A 00 02 00 10 00 1C 00 55
23:04:29.016 * tx 7687 F0 19 00 02 A0 0A FF 7F 00 00 00 00 00 00 3F 00 00 00 00 00 00 00 82 02 55
23:04:29.017 * rx 7687 F0 19 00 02 00 0A FF 7F 00 00 00 00 00 00 3F 00 00 00 00 00 00 00 E2 01 55
23:04:29.018 * session 7688 ready
23:04:35.596 > LOG ALL
23:04:35.600 ok log=1 all=1
23:04:35.614 * tx 14292 F0 1D 00 01 4D 03 C2 2E 00 B2 11 B2 11 1C 00 00 06 00 00 02 00 02 01 00 00 00 0B 03 55
23:04:35.615 * tx 14293 F0 16 00 01 4D 04 00 00 19 81 00 00 3D 00 00 00 01 00 00 40 01 55
23:04:35.617 * rx 14294 +0/105#21 F0 69 00 01 4D 05 05 14 05 14 01 00 00 00 02 AA 00 AA 00 54 01 54 01 00 00 00 00 07 80 FF F3 00 F0 00 27 01 00 00 A0 36 1A 0C 09 05 25 D0 30 08 04 04 00 00 00 00 00 00 00 00 00 00 00 00 00 00
23:04:35.619 * rx 14294 +64/105#21 00 00 00 00 01 00 10 00 00 07 00 00 00 00 00 00 00 00 00 00 00 00 00 F5 00 70 00 00 00 00 00 70 00 00 00 00 00 11 BD 0A 55
23:04:35.621 * rx 14297 F0 30 00 01 4D 06 82 00 D9 3F E6 0F 10 F9 3E 62 44 8B 00 01 00 1C 28 28 1F 00 D8 3F 00 00 88 00 47 02 00 00 00 00 00 00 00 00 00 00 00 FF 07 55
23:04:35.634 * tx 14310 F0 1D 00 01 4E 03 C2 2E 00 B2 11 B2 11 1C 00 00 06 00 00 02 00 02 01 00 00 00 0C 03 55
23:04:35.636 * tx 14311 F0 16 00 01 4E 04 00 00 19 81 00 00 3D 00 00 00 01 00 00 41 01 55
23:04:35.639 * rx 14311 +0/105#25 F0 69 00 01 4E 05 05 14 05 14 01 00 00 00 02 AA 00 AA 00 54 01 54 01 00 00 00 00 07 80 FF F3 00 F0 00 27 01 00 00 A0 36 1A 0C 09 05 D0 F8 F8 00 FF 00 00 00 00 00 00 00 00 00 00 00 00 00 00 00
23:04:35.641 * rx 14311 +64/105#25 00 00 00 00 01 00 10 00 00 07 00 00 00 00 00 00 00 00 00 00 00 00 00 F5 00 70 00 00 00 00 00 70 00 00 00 00 00 11 48 0D 55
23:04:35.643 * rx 14313 F0 30 00 01 4E 06 82 00 D9 3F E6 0F 10 F9 3E 62 44 8B 00 01 00 1C 28 28 1F 00 D8 3F 00 00 88 00 47 02 00 00 00 00 00 00 00 00 00 00 00 00 08 55
23:04:35.653 * tx 14326 F0 1D 00 01 4F 03 C2 2E 00 B2 11 B2 11 1C 00 00 06 00 00 02 00 02 01 00 00 00 0D 03 55
23:04:35.655 * tx 14326 F0 16 00 01 4F 04 00 00 19 81 00 00 3D 00 00 00 01 00 00 42 01 55
23:04:35.657 * rx 14328 +0/105#29 F0 69 00 01 4F 05 05 14 05 14 01 00 00 00 02 AA 00 AA 00 54 01 54 01 00 00 00 00 07 80 FF F3 00 F0 00 27 01 00 00 A0 36 1A 0C 09 05 25 D0 30 08 04 04 00 00 00 00 00 00 00 00 00 00 00 00 00 00
23:04:35.659 * rx 14328 +64/105#29 00 00 00 00 01 00 10 00 00 07 00 00 00 00 00 00 00 00 00 00 00 00 00 F5 00 70 00 00 00 00 00 70 00 00 00 00 00 11 BF 0A 55
23:04:35.660 * rx 14330 F0 30 00 01 4F 06 82 00 D9 3F E6 0F 10 F9 3E 62 44 8B 00 01 00 1C 28 28 1F 00 D8 3F 00 00 88 00 47 02 00 00 00 00 00 00 00 00 00 00 00 01 08 55
23:04:35.662 * tx 14342 F0 1D 00 01 50 03 C2 2E 00 B2 11 B2 11 1C 00 00 06 00 00 02 00 02 01 00 00 00 0E 03 55
23:04:35.675 * tx 14344 F0 16 00 01 50 04 00 00 19 81 00 00 3D 00 00 00 01 00 00 43 01 55
23:04:35.677 * rx 14344 +0/105#33 F0 69 00 01 50 05 05 14 05 14 01 00 00 00 02 AA 00 AA 00 54 01 54 01 00 00 00 00 07 80 FF F3 00 F0 00 27 01 00 00 A0 36 1A 0C 09 05 D0 F8 F8 00 FF 00 00 00 00 00 00 00 00 00 00 00 00 00 00 00
23:04:35.679 * rx 14344 +64/105#33 00 00 00 00 01 00 10 00 00 07 00 00 00 00 00 00 00 00 00 00 00 00 00 F5 00 70 00 00 00 00 00 70 00 00 00 00 00 11 4A 0D 55
23:04:35.681 * rx 14347 F0 30 00 01 50 06 82 00 D9 3F E6 0F 10 F9 3E 62 44 8B 00 01 00 1C 28 28 1F 00 D8 3F 00 00 88 00 47 02 00 00 00 00 00 00 00 00 00 00 00 02 08 55
23:04:35.682 * tx 14360 F0 1D 00 01 51 03 C2 2E 00 B2 11 B2 11 1C 00 00 06 00 00 02 00 02 01 00 00 00 0F 03 55
23:04:35.683 * tx 14361 F0 16 00 01 51 04 00 00 19 81 00 00 3D 00 00 00 01 00 00 44 01 55
23:04:35.684 * rx 14361 +0/105#37 F0 69 00 01 51 05 05 14 05 14 01 00 00 00 02 AA 00 AA 00 54 01 54 01 00 00 00 00 07 80 FF F3 00 F0 00 27 01 00 00 A0 36 1A 0C 09 05 25 D0 30 08 04 04 00 00 00 00 00 00 00 00 00 00 00 00 00 00
23:04:35.686 * rx 14361 +64/105#37 00 00 00 00 01 00 10 00 00 07 00 00 00 00 00 00 00 00 00 00 00 00 00 F5 00 70 00 00 00 00 00 70 00 00 00 00 00 11 C1 0A 55
23:04:35.694 * rx 14364 F0 30 00 01 51 06 82 00 D9 3F E6 0F 10 F9 3E 62 44 8B 00 01 00 1C 28 28 1F 00 D8 3F 00 00 88 00 47 02 00 00 00 00 00 00 00 00 00 00 00 03 08 55
23:04:35.697 * tx 14376 F0 1D 00 01 52 03 C2 2E 00 B2 11 B2 11 1C 00 00 06 00 00 02 00 02 01 00 00 00 10 03 55
23:04:35.698 * tx 14376 F0 16 00 01 52 04 00 00 19 81 00 00 3D 00 00 00 01 00 00 45 01 55
23:04:35.699 * rx 14378 +0/105#41 F0 69 00 01 52 05 05 14 05 14 01 00 00 00 02 AA 00 AA 00 54 01 54 01 00 00 00 00 07 80 FF F3 00 F0 00 27 01 00 00 A0 36 1A 0C 09 05 D0 F8 F8 00 FF 00 00 00 00 00 00 00 00 00 00 00 00 00 00 00
23:04:35.701 * rx 14378 +64/105#41 00 00 00 00 01 00 10 00 00 07 00 00 00 00 00 00 00 00 00 00 00 00 00 F5 00 70 00 00 00 00 00 70 00 00 00 00 00 11 4C 0D 55
23:04:35.703 * rx 14380 F0 30 00 01 52 06 82 00 D9 3F E6 0F 10 F9 3E 62 44 8B 00 01 00 1C 28 28 1F 00 D8 3F 00 00 88 00 47 02 00 00 00 00 00 00 00 00 00 00 00 04 08 55
23:04:36.614 * rxflood 108
23:04:36.616 * tx 15292 F0 1D 00 01 89 03 C2 2E 00 B2 11 B2 11 1C 00 00 06 00 00 02 00 02 01 00 00 00 47 03 55
23:04:36.619 * tx 15293 F0 16 00 01 89 04 00 00 19 81 00 00 3D 00 00 00 01 00 00 7C 01 55
23:04:36.622 * rx 15294 +0/105#261 F0 69 00 01 89 05 05 14 05 14 01 00 00 00 02 AA 00 AA 00 54 01 54 01 00 00 00 00 07 80 FF F3 00 F0 00 27 01 00 00 A0 36 1A 0C 09 05 25 D0 30 08 04 04 00 00 00 00 00 00 00 00 00 00 00 00 00 00
23:04:36.623 * rx 15294 +64/105#261 00 00 00 00 01 00 10 00 00 07 00 00 00 00 00 00 00 00 00 00 00 00 00 F5 00 70 00 00 00 00 00 70 00 00 00 00 00 11 F9 0A 55
23:04:36.625 * rx 15297 F0 30 00 01 89 06 82 00 D9 3F E6 0F 10 F9 3E 62 44 8B 00 01 00 1C 28 28 1F 00 D8 3F 00 00 88 00 47 02 00 00 00 00 00 00 00 00 00 00 00 3B 08 55
23:04:36.635 * tx 15310 F0 1D 00 01 8A 03 C2 2E 00 B2 11 B2 11 1C 00 00 06 00 00 02 00 02 01 00 00 00 48 03 55
23:04:36.642 * tx 15311 F0 16 00 01 8A 04 00 00 19 81 00 00 3D 00 00 00 01 00 00 7D 01 55
23:04:36.646 * rx 15311 +0/105#265 F0 69 00 01 8A 05 05 14 05 14 01 00 00 00 02 AA 00 AA 00 54 01 54 01 00 00 00 00 07 80 FF F3 00 F0 00 27 01 00 00 A0 36 1A 0C 09 05 D0 F8 F8 00 FF 00 00 00 00 00 00 00 00 00 00 00 00 00 00 00
23:04:36.649 * rx 15311 +64/105#265 00 00 00 00 01 00 10 00 00 07 00 00 00 00 00 00 00 00 00 00 00 00 00 F5 00 70 00 00 00 00 00 70 00 00 00 00 00 11 84 0D 55
23:04:36.653 * rx 15314 F0 30 00 01 8A 06 82 00 D9 3F E6 0F 10 F9 3E 62 44 8B 00 01 00 1C 28 28 1F 00 D8 3F 00 00 88 00 47 02 00 00 00 00 00 00 00 00 00 00 00 3C 08 55
23:04:36.658 * tx 15326 F0 1D 00 01 8B 03 C2 2E 00 B2 11 B2 11 1C 00 00 06 00 00 02 00 02 01 00 00 00 49 03 55
23:04:36.661 * tx 15326 F0 16 00 01 8B 04 00 00 19 81 00 00 3D 00 00 00 01 00 00 7E 01 55
23:04:36.665 * rx 15328 +0/105#269 F0 69 00 01 8B 05 05 14 05 14 01 00 00 00 02 AA 00 AA 00 54 01 54 01 00 00 00 00 07 80 FF F3 00 F0 00 27 01 00 00 A0 36 1A 0C 09 05 25 D0 30 08 04 04 00 00 00 00 00 00 00 00 00 00 00 00 00 00
23:04:36.668 * rx 15328 +64/105#269 00 00 00 00 01 00 10 00 00 07 00 00 00 00 00 00 00 00 00 00 00 00 00 F5 00 70 00 00 00 00 00 70 00 00 00 00 00 11 FB 0A 55
23:04:36.670 * rx 15330 F0 30 00 01 8B 06 82 00 D9 3F E6 0F 10 F9 3E 62 44 8B 00 01 00 1C 28 28 1F 00 D8 3F 00 00 88 00 47 02 00 00 00 00 00 00 00 00 00 00 00 3D 08 55
23:04:36.673 * tx 15342 F0 1D 00 01 8C 03 C2 2E 00 B2 11 B2 11 1C 00 00 06 00 00 02 00 02 01 00 00 00 4A 03 55
23:04:36.677 * tx 15344 F0 16 00 01 8C 04 00 00 19 81 00 00 3D 00 00 00 01 00 00 7F 01 55
23:04:36.680 * rx 15344 +0/105#273 F0 69 00 01 8C 05 05 14 05 14 01 00 00 00 02 AA 00 AA 00 54 01 54 01 00 00 00 00 07 80 FF F3 00 F0 00 27 01 00 00 A0 36 1A 0C 09 05 D0 F8 F8 00 FF 00 00 00 00 00 00 00 00 00 00 00 00 00 00 00
23:04:36.683 * rx 15344 +64/105#273 00 00 00 00 01 00 10 00 00 07 00 00 00 00 00 00 00 00 00 00 00 00 00 F5 00 70 00 00 00 00 00 70 00 00 00 00 00 11 86 0D 55
23:04:36.687 * rx 15347 F0 30 00 01 8C 06 82 00 D9 3F E6 0F 10 F9 3E 62 44 8B 00 01 00 1C 28 28 1F 00 D8 3F 00 00 88 00 47 02 00 00 00 00 00 00 00 00 00 00 00 3E 08 55
23:04:36.692 * tx 15360 F0 1D 00 01 8D 03 C2 2E 00 B2 11 B2 11 1C 00 00 06 00 00 02 00 02 01 00 00 00 4B 03 55
23:04:36.697 * tx 15361 F0 16 00 01 8D 04 00 00 19 81 00 00 3D 00 00 00 01 00 00 80 01 55
23:04:36.703 * rx 15361 +0/105#277 F0 69 00 01 8D 05 05 14 05 14 01 00 00 00 02 AA 00 AA 00 54 01 54 01 00 00 00 00 07 80 FF F3 00 F0 00 27 01 00 00 A0 36 1A 0C 09 05 25 D0 30 08 04 04 00 00 00 00 00 00 00 00 00 00 00 00 00 00
23:04:36.706 * rx 15361 +64/105#277 00 00 00 00 01 00 10 00 00 07 00 00 00 00 00 00 00 00 00 00 00 00 00 F5 00 70 00 00 00 00 00 70 00 00 00 00 00 11 FD 0A 55
23:04:36.708 * rx 15364 F0 30 00 01 8D 06 82 00 D9 3F E6 0F 10 F9 3E 62 44 8B 00 01 00 1C 28 28 1F 00 D8 3F 00 00 88 00 47 02 00 00 00 00 00 00 00 00 00 00 00 3F 08 55
23:04:36.710 * tx 15376 F0 1D 00 01 8E 03 C2 2E 00 B2 11 B2 11 1C 00 00 06 00 00 02 00 02 01 00 00 00 4C 03 55
23:04:36.712 * tx 15376 F0 16 00 01 8E 04 00 00 19 81 00 00 3D 00 00 00 01 00 00 81 01 55
23:04:36.716 * rx 15378 +0/105#281 F0 69 00 01 8E 05 05 14 05 14 01 00 00 00 02 AA 00 AA 00 54 01 54 01 00 00 00 00 07 80 FF F3 00 F0 00 27 01 00 00 A0 36 1A 0C 09 05 D0 F8 F8 00 FF 00 00 00 00 00 00 00 00 00 00 00 00 00 00 00
23:04:36.720 * rx 15378 +64/105#281 00 00 00 00 01 00 10 00 00 07 00 00 00 00 00 00 00 00 00 00 00 00 00 F5 00 70 00 00 00 00 00 70 00 00 00 00 00 11 88 0D 55
23:04:37.613 * rxflood 109
23:04:37.616 * tx 16292 F0 1D 00 01 C5 03 C2 2E 00 B2 11 B2 11 1C 00 00 06 00 00 02 00 02 01 00 00 00 83 03 55
23:04:37.619 * tx 16293 F0 16 00 01 C5 04 00 00 19 81 00 00 3D 00 00 00 01 00 00 B8 01 55
23:04:37.622 * rx 16294 +0/105#501 F0 69 00 01 C5 05 05 14 05 14 01 00 00 00 02 AA 00 AA 00 54 01 54 01 00 00 00 00 07 80 FF F3 00 F0 00 2E 01 00 00 A0 36 1A 0C 09 05 25 D0 2C 08 04 04 00 00 00 00 00 00 00 00 00 00 00 00 00 00
23:04:37.625 * rx 16294 +64/105#501 00 00 00 00 01 00 10 00 00 07 00 00 00 00 00 00 00 00 00 00 00 00 00 F4 00 70 00 00 00 00 00 70 00 00 00 00 00 11 37 0B 55
23:04:37.627 * rx 16297 F0 30 00 01 C5 06 82 00 D1 3F DE 0F 10 F2 3E 57 44 71 00 01 00 1C 28 28 1D 00 D0 3F 00 00 87 00 46 02 00 00 00 00 00 00 00 00 00 00 00 2F 08 55
23:04:37.634 * tx 16310 F0 1D 00 01 C6 03 C2 2E 00 B2 11 B2 11 1C 00 00 06 00 00 02 00 02 01 00 00 00 84 03 55
23:04:37.637 * tx 16311 F0 16 00 01 C6 04 00 00 19 81 00 00 3D 00 00 00 01 00 00 B9 01 55
23:04:37.642 * rx 16311 +0/105#505 F0 69 00 01 C6 05 05 14 05 14 01 00 00 00 02 AA 00 AA 00 54 01 54 01 00 00 00 00 07 80 FF F3 00 F0 00 2E 01 00 00 A0 36 1A 0C 09 05 D0 F8 F8 FF 00 00 00 00 00 00 00 00 00 00 00 00 00 00 00 00
23:04:37.646 * rx 16311 +64/105#505 00 00 00 00 01 00 10 00 00 07 00 00 00 00 00 00 00 00 00 00 00 00 00 F4 00 70 00 00 00 00 00 70 00 00 00 00 00 11 C6 0D 55
23:04:37.651 * rx 16314 F0 30 00 01 C6 06 82 00 D1 3F DE 0F 10 F2 3E 57 44 71 00 01 00 1C 28 28 1D 00 D0 3F 00 00 87 00 46 02 00 00 00 00 00 00 00 00 00 00 00 30 08 55
23:04:37.654 * tx 16326 F0 1D 00 01 C7 03 C2 2E 00 B2 11 B2 11 1C 00 00 06 00 00 02 00 02 01 00 00 00 85 03 55
23:04:37.657 * tx 16326 F0 16 00 01 C7 04 00 00 19 81 00 00 3D 00 00 00 01 00 00 BA 01 55
23:04:37.660 * rx 16328 +0/105#509 F0 69 00 01 C7 05 05 14 05 14 01 00 00 00 02 AA 00 AA 00 54 01 54 01 00 00 00 00 07 80 FF F3 00 F0 00 2E 01 00 00 A0 36 1A 0C 09 05 25 D0 2C 08 04 04 00 00 00 00 00 00 00 00 00 00 00 00 00 00
23:04:37.663 * rx 16328 +64/105#509 00 00 00 00 01 00 10 00 00 07 00 00 00 00 00 00 00 00 00 00 00 00 00 F4 00 70 00 00 00 00 00 70 00 00 00 00 00 11 39 0B 55
23:04:37.667 * rx 16330 F0 30 00 01 C7 06 82 00 D1 3F DE 0F 10 F2 3E 57 44 71 00 01 00 1C 28 28 1D 00 D0 3F 00 00 87 00 46 02 00 00 00 00 00 00 00 00 00 00 00 31 08 55
23:04:37.673 * tx 16343 F0 1D 00 01 C8 03 C2 2E 00 B2 11 B2 11 1C 00 00 06 00 00 02 00 02 01 00 00 00 86 03 55
23:04:37.681 * tx 16344 F0 16 00 01 C8 04 00 00 19 81 00 00 3D 00 00 00 01 00 00 BB 01 55
23:04:37.688 * rx 16344 +0/105#513 F0 69 00 01 C8 05 05 14 05 14 01 00 00 00 02 AA 00 AA 00 54 01 54 01 00 00 00 00 07 80 FF F3 00 F0 00 2E 01 00 00 A0 36 1A 0C 09 05 D0 F8 F8 FF 00 00 00 00 00 00 00 00 00 00 00 00 00 00 00 00
23:04:37.695 * rx 16344 +64/105#513 00 00 00 00 01 00 10 00 00 07 00 00 00 00 00 00 00 00 00 00 00 00 00 F4 00 70 00 00 00 00 00 70 00 00 00 00 00 11 C8 0D 55
23:04:37.698 * rx 16347 F0 30 00 01 C8 06 82 00 D1 3F DE 0F 10 F2 3E 57 44 71 00 01 00 1C 28 28 1D 00 D0 3F 00 00 87 00 46 02 00 00 00 00 00 00 00 00 00 00 00 32 08 55
23:04:37.701 * tx 16360 F0 1D 00 01 C9 03 C2 2E 00 B2 11 B2 11 1C 00 00 06 00 00 02 00 02 01 00 00 00 87 03 55
23:04:37.703 * tx 16361 F0 16 00 01 C9 04 00 00 19 81 00 00 3D 00 00 00 01 00 00 BC 01 55
23:04:37.706 * rx 16361 +0/105#517 F0 69 00 01 C9 05 05 14 05 14 01 00 00 00 02 AA 00 AA 00 54 01 54 01 00 00 00 00 07 80 FF F3 00 F0 00 2E 01 00 00 A0 36 1A 0C 09 05 25 D0 2C 08 04 04 00 00 00 00 00 00 00 00 00 00 00 00 00 00
23:04:37.709 * rx 16361 +64/105#517 00 00 00 00 01 00 10 00 00 07 00 00 00 00 00 00 00 00 00 00 00 00 00 F4 00 70 00 00 00 00 00 70 00 00 00 00 00 11 3B 0B 55
23:04:37.713 * rx 16364 F0 30 00 01 C9 06 82 00 D1 3F DE 0F 10 F2 3E 57 44 71 00 01 00 1C 28 28 1D 00 D0 3F 00 00 87 00 46 02 00 00 00 00 00 00 00 00 00 00 00 33 08 55
23:04:37.722 * tx 16376 F0 1D 00 01 CA 03 C2 2E 00 B2 11 B2 11 1C 00 00 06 00 00 02 00 02 01 00 00 00 88 03 55
23:04:37.725 * tx 16376 F0 16 00 01 CA 04 00 00 19 81 00 00 3D 00 00 00 01 00 00 BD 01 55
23:04:37.729 * rx 16378 +0/105#521 F0 69 00 01 CA 05 05 14 05 14 01 00 00 00 02 AA 00 AA 00 54 01 54 01 00 00 00 00 07 80 FF F3 00 F0 00 2E 01 00 00 A0 36 1A 0C 09 05 D0 F8 F8 FF 00 00 00 00 00 00 00 00 00 00 00 00 00 00 00 00
23:04:37.732 * rx 16378 +64/105#521 00 00 00 00 01 00 10 00 00 07 00 00 00 00 00 00 00 00 00 00 00 00 00 F4 00 70 00 00 00 00 00 70 00 00 00 00 00 11 CA 0D 55
23:04:38.614 * rxflood 109
23:04:38.618 * tx 17292 F0 1D 00 01 11 03 C2 2E 00 B2 11 B2 11 1C 00 00 06 00 00 02 00 02 01 00 00 00 CF 02 55
23:04:38.623 * tx 17293 F0 16 00 01 11 04 00 00 19 81 00 00 3D 00 00 00 01 00 00 04 01 55
23:04:38.631 * rx 17294 +0/105#741 F0 69 00 01 11 05 05 14 05 14 01 00 00 00 02 AA 00 AA 00 54 01 54 01 00 00 00 00 07 80 FF F4 00 F0 00 2E 01 00 00 A0 36 1A 0C 09 05 25 D0 30 08 04 04 00 00 00 00 00 00 00 00 00 00 00 00 00 00
23:04:38.636 * rx 17294 +64/105#741 00 00 00 00 03 00 10 00 00 07 00 00 00 00 00 00 00 00 00 00 00 00 00 F5 00 70 00 00 00 00 00 70 00 00 00 00 00 11 8B 0A 55
23:04:38.640 * rx 17297 F0 30 00 01 11 06 82 00 DC 3F E9 0F 10 FC 3E 66 44 95 00 01 00 1C 29 29 22 00 DB 3F 00 00 88 00 48 02 00 00 00 00 00 00 00 00 00 00 00 E3 07 55
23:04:38.645 * tx 17310 F0 1D 00 01 12 03 C2 2E 00 B2 11 B2 11 1C 00 00 06 00 00 02 00 02 01 00 00 00 D0 02 55
23:04:38.649 * tx 17311 F0 16 00 01 12 04 00 00 19 81 00 00 3D 00 00 00 01 00 00 05 01 55
23:04:38.653 * rx 17311 +0/105#745 F0 69 00 01 12 05 05 14 05 14 01 00 00 00 02 AA 00 AA 00 54 01 54 01 00 00 00 00 07 80 FF F4 00 F0 00 2E 01 00 00 A0 36 1A 0C 09 05 D0 F8 F8 00 FF 00 00 00 00 00 00 00 00 00 00 00 00 00 00 00
23:04:38.662 * rx 17311 +64/105#745 00 00 00 00 03 00 10 00 00 07 00 00 00 00 00 00 00 00 00 00 00 00 00 F5 00 70 00 00 00 00 00 70 00 00 00 00 00 11 16 0D 55
23:04:38.666 * rx 17314 F0 30 00 01 12 06 82 00 DC 3F E9 0F 10 FC 3E 66 44 95 00 01 00 1C 29 29 22 00 DB 3F 00 00 88 00 48 02 00 00 00 00 00 00 00 00 FF 01 00 E4 08 55
23:04:38.671 * tx 17326 F0 1D 00 01 13 03 C2 2E 00 B2 11 B2 11 1C 00 00 06 00 00 02 00 02 01 00 00 00 D1 02 55
23:04:38.674 * tx 17326 F0 16 00 01 13 04 00 00 19 81 00 00 3D 00 00 00 01 00 00 06 01 55
23:04:38.677 * rx 17328 +0/105#749 F0 69 00 01 13 05 05 14 05 14 01 00 00 00 02 AA 00 AA 00 54 01 54 01 00 00 00 00 07 80 FF F4 00 F0 00 2E 01 00 00 A0 36 1A 0C 09 05 25 D0 30 08 04 04 00 00 00 00 00 00 00 00 00 00 00 00 00 00
23:04:38.680 * rx 17328 +64/105#749 00 00 00 00 03 00 10 00 00 07 00 00 00 00 00 00 00 00 00 00 00 00 00 F5 00 70 00 00 00 00 00 70 00 00 00 00 00 11 8D 0A 55
23:04:38.689 * rx 17330 F0 30 00 01 13 06 82 00 DC 3F E9 0F 10 FC 3E 66 44 95 00 01 00 1C 29 29 22 00 DB 3F 00 00 88 00 48 02 00 00 00 00 00 00 00 00 00 00 00 E5 07 55
23:04:38.694 * tx 17342 F0 1D 00 01 14 03 C2 2E 00 B2 11 B2 11 1C 00 00 06 00 00 02 00 02 01 00 00 00 D2 02 55
23:04:38.698 * tx 17344 F0 16 00 01 14 04 00 00 19 81 00 00 3D 00 00 00 01 00 00 07 01 55
23:04:38.703 * rx 17345 +0/105#753 F0 69 00 01 14 05 05 14 05 14 01 00 00 00 02 AA 00 AA 00 54 01 54 01 00 00 00 00 07 80 FF F4 00 F0 00 2E 01 00 00 A0 36 1A 0C 09 05 D0 F8 F8 00 FF 00 00 00 00 00 00 00 00 00 00 00 00 00 00 00
23:04:38.706 * rx 17345 +64/105#753 00 00 00 00 03 00 10 00 00 07 00 00 00 00 00 00 00 00 00 00 00 00 00 F5 00 70 00 00 00 00 00 70 00 00 00 00 00 11 18 0D 55
23:04:38.711 * rx 17347 F0 30 00 01 14 06 82 00 DC 3F E9 0F 10 FC 3E 66 44 95 00 01 00 1C 29 29 22 00 DB 3F 00 00 88 00 48 02 00 00 00 00 00 00 00 00 00 00 00 E6 07 55
23:04:38.719 * tx 17360 F0 1D 00 01 15 03 C2 2E 00 B2 11 B2 11 1C 00 00 06 00 00 02 00 02 01 00 00 00 D3 02 55
23:04:38.724 * tx 17361 F0 16 00 01 15 04 00 00 19 81 00 00 3D 00 00 00 01 00 00 08 01 55
23:04:38.728 * rx 17361 +0/105#757 F0 69 00 01 15 05 05 14 05 14 01 00 00 00 02 AA 00 AA 00 54 01 54 01 00 00 00 00 07 80 FF F4 00 F0 00 2E 01 00 00 A0 36 1A 0C 09 05 25 D0 30 08 04 04 00 00 00 00 00 00 00 00 00 00 00 00 00 00
23:04:38.731 * rx 17361 +64/105#757 00 00 00 00 03 00 10 00 00 07 00 00 00 00 00 00 00 00 00 00 00 00 00 F5 00 70 00 00 00 00 00 70 00 00 00 00 00 11 8F 0A 55
23:04:38.736 * rx 17364 F0 30 00 01 15 06 82 00 DC 3F E9 0F 10 FC 3E 66 44 95 00 01 00 1C 29 29 22 00 DB 3F 00 00 88 00 48 02 00 00 00 00 00 00 00 00 00 00 00 E7 07 55
23:04:38.742 * tx 17376 F0 1D 00 01 16 03 C2 2E 00 B2 11 B2 11 1C 00 00 06 00 00 02 00 02 01 00 00 00 D4 02 55
23:04:38.749 * tx 17376 F0 16 00 01 16 04 00 00 19 81 00 00 3D 00 00 00 01 00 00 09 01 55
23:04:38.753 * rx 17378 +0/105#761 F0 69 00 01 16 05 05 14 05 14 01 00 00 00 02 AA 00 AA 00 54 01 54 01 00 00 00 00 07 80 FF F4 00 F0 00 2E 01 00 00 A0 36 1A 0C 09 05 D0 F8 F8 00 FF 00 00 00 00 00 00 00 00 00 00 00 00 00 00 00
23:04:38.757 * rx 17378 +64/105#761 00 00 00 00 03 00 10 00 00 07 00 00 00 00 00 00 00 00 00 00 00 00 00 F5 00 70 00 00 00 00 00 70 00 00 00 00 00 11 1A 0D 55
23:04:39.613 * rxflood 109
23:04:39.619 * tx 18292 F0 1D 00 01 4D 03 C2 2E 00 B2 11 B2 11 1C 00 00 06 00 00 02 00 02 01 00 00 00 0B 03 55
23:04:39.627 * tx 18293 F0 16 00 01 4D 04 00 00 19 81 00 00 3D 00 00 00 01 00 00 40 01 55
23:04:39.631 * rx 18294 +0/105#981 F0 69 00 01 4D 05 05 14 05 14 01 00 00 00 02 AA 00 AA 00 54 01 54 01 00 00 00 00 07 80 FF F3 00 F0 00 27 01 00 00 A0 36 1A 0C 09 05 25 D0 30 08 04 04 00 00 00 00 00 00 00 00 00 00 00 00 00 00
23:04:39.635 * rx 18294 +64/105#981 00 00 00 00 01 00 10 00 00 07 00 00 00 00 00 00 00 00 00 00 00 00 00 F4 00 70 00 00 00 00 00 70 00 00 00 00 00 11 BC 0A 55
23:04:39.638 * rx 18297 F0 30 00 01 4D 06 82 00 D4 3F E2 0F 10 F5 3E 5B 44 7E 00 01 00 1C 28 28 1F 00 D3 3F 00 00 87 00 47 02 00 00 00 00 00 00 00 00 00 00 00 D8 07 55
23:04:39.642 * tx 18310 F0 1D 00 01 4E 03 C2 2E 00 B2 11 B2 11 1C 00 00 06 00 00 02 00 02 01 00 00 00 0C 03 55
23:04:39.649 * tx 18311 F0 16 00 01 4E 04 00 00 19 81 00 00 3D 00 00 00 01 00 00 41 01 55
23:04:39.657 * rx 18311 +0/105#985 F0 69 00 01 4E 05 05 14 05 14 01 00 00 00 02 AA 00 AA 00 54 01 54 01 00 00 00 00 07 80 FF F3 00 F0 00 27 01 00 00 A0 36 1A 0C 09 05 D0 F8 F8 FF 00 00 00 00 00 00 00 00 00 00 00 00 00 00 00 00
23:04:39.663 * rx 18311 +64/105#985 00 00 00 00 01 00 10 00 00 07 00 00 00 00 00 00 00 00 00 00 00 00 00 F4 00 70 00 00 00 00 00 70 00 00 00 00 00 11 47 0D 55
23:04:39.666 * rx 18314 F0 30 00 01 4E 06 82 00 D4 3F E2 0F 10 F5 3E 5B 44 7E 00 01 00 1C 28 28 1F 00 D3 3F 00 00 87 00 47 02 00 00 00 00 00 00 00 00 00 00 00 D9 07 55
23:04:39.671 * tx 18326 F0 1D 00 01 4F 03 C2 2E 00 B2 11 B2 11 1C 00 00 06 00 00 02 00 02 01 00 00 00 0D 03 55
23:04:39.675 * tx 18326 F0 16 00 01 4F 04 00 00 19 81 00 00 3D 00 00 00 01 00 00 42 01 55
23:04:39.684 * rx 18328 +0/105#989 F0 69 00 01 4F 05 05 14 05 14 01 00 00 00 02 AA 00 AA 00 54 01 54 01 00 00 00 00 07 80 FF F3 00 F0 00 27 01 00 00 A0 36 1A 0C 09 05 25 D0 30 08 04 04 00 00 00 00 00 00 00 00 00 00 00 00 00 00
23:04:39.692 * rx 18328 +64/105#989 00 00 00 00 01 00 10 00 00 07 00 00 00 00 00 00 00 00 00 00 00 00 00 F4 00 70 00 00 00 00 00 70 00 00 00 00 00 11 BE 0A 55
23:04:39.698 * rx 18330 F0 30 00 01 4F 06 82 00 D4 3F E2 0F 10 F5 3E 5B 44 7E 00 01 00 1C 28 28 1F 00 D3 3F 00 00 87 00 47 02 00 00 00 00 00 00 00 00 00 00 00 DA 07 55
23:04:39.703 * tx 18342 F0 1D 00 01 50 03 C2 2E 00 B2 11 B2 11 1C 00 00 06 00 00 02 00 02 01 00 00 00 0E 03 55
23:04:39.707 * tx 18344 F0 16 00 01 50 04 00 00 19 81 00 00 3D 00 00 00 01 00 00 43 01 55
23:04:39.718 * rx 18344 +0/105#993 F0 69 00 01 50 05 05 14 05 14 01 00 00 00 02 AA 00 AA 00 54 01 54 01 00 00 00 00 07 80 FF F3 00 F0 00 27 01 00 00 A0 36 1A 0C 09 05 D0 F8 F8 FF 00 00 00 00 00 00 00 00 00 00 00 00 00 00 00 00
23:04:39.723 * rx 18344 +64/105#993 00 00 00 00 01 00 10 00 00 07 00 00 00 00 00 00 00 00 00 00 00 00 00 F4 00 70 00 00 00 00 00 70 00 00 00 00 00 11 49 0D 55
23:04:39.727 * rx 18347 F0 30 00 01 50 06 82 00 D4 3F E2 0F 10 F5 3E 5B 44 7E 00 01 00 1C 28 28 1F 00 D3 3F 00 00 87 00 47 02 00 00 00 00 00 00 00 00 00 00 00 DB 07 55
23:04:39.730 * tx 18360 F0 1D 00 01 51 03 C2 2E 00 B2 11 B2 11 1C 00 00 06 00 00 02 00 02 01 00 00 00 0F 03 55
23:04:39.734 * tx 18361 F0 16 00 01 51 04 00 00 19 81 00 00 3D 00 00 00 01 00 00 44 01 55
23:04:39.743 * rx 18361 +0/105#997 F0 69 00 01 51 05 05 14 05 14 01 00 00 00 02 AA 00 AA 00 54 01 54 01 00 00 00 00 07 80 FF F3 00 F0 00 27 01 00 00 A0 36 1A 0C 09 05 25 D0 30 08 04 04 00 00 00 00 00 00 00 00 00 00 00 00 00 00
23:04:39.748 * rx 18361 +64/105#997 00 00 00 00 01 00 10 00 00 07 00 00 00 00 00 00 00 00 00 00 00 00 00 F4 00 70 00 00 00 00 00 70 00 00 00 00 00 11 C0 0A 55
23:04:39.752 * rx 18364 F0 30 00 01 51 06 82 00 D4 3F E2 0F 10 F5 3E 5B 44 7E 00 01 00 1C 28 28 1F 00 D3 3F 00 00 87 00 47 02 00 00 00 00 00 00 00 00 00 00 00 DC 07 55
23:04:39.756 * tx 18376 F0 1D 00 01 52 03 C2 2E 00 B2 11 B2 11 1C 00 00 06 00 00 02 00 02 01 00 00 00 10 03 55
23:04:39.760 * tx 18376 F0 16 00 01 52 04 00 00 19 81 00 00 3D 00 00 00 01 00 00 45 01 55
23:04:39.768 * rx 18378 +0/105#1001 F0 69 00 01 52 05 05 14 05 14 01 00 00 00 02 AA 00 AA 00 54 01 54 01 00 00 00 00 07 80 FF F3 00 F0 00 27 01 00 00 A0 36 1A 0C 09 05 D0 F8 F8 FF 00 00 00 00 00 00 00 00 00 00 00 00 00 00 00 00
23:04:39.773 * rx 18378 +64/105#1001 00 00 00 00 01 00 10 00 00 07 00 00 00 00 00 00 00 00 00 00 00 00 00 F4 00 70 00 00 00 00 00 70 00 00 00 00 00 11 4B 0D 55
23:04:40.614 * rxflood 109
23:04:40.623 * tx 19292 F0 1D 00 01 89 03 C2 2E 00 B2 11 B2 11 1C 00 00 06 00 00 02 00 02 01 00 00 00 47 03 55
23:04:40.629 * tx 19293 F0 16 00 01 89 04 00 00 19 81 00 00 3D 00 00 00 01 00 00 7C 01 55
23:04:40.637 * rx 19295 +0/105#1221 F0 69 00 01 89 05 05 14 05 14 01 00 00 00 02 AA 00 AA 00 54 01 54 01 00 00 00 00 07 80 FF F3 00 F0 00 27 01 00 00 A0 36 1A 0C 09 05 25 D0 30 08 04 04 00 00 00 00 00 00 00 00 00 00 00 00 00 00
23:04:40.642 * rx 19295 +64/105#1221 00 00 00 00 01 00 00 00 00 07 00 00 00 00 00 00 00 00 00 00 00 00 00 F4 00 70 00 00 00 00 00 70 00 00 00 00 00 11 E8 0A 55
23:04:40.646 * rx 19297 F0 30 00 01 89 06 82 00 D4 3F E2 0F 10 F5 3E 5B 44 7E 00 01 00 1C 28 28 1F 00 D3 3F 00 00 87 00 47 02 00 00 00 00 00 00 00 00 00 00 00 14 08 55
23:04:40.650 * tx 19310 F0 1D 00 01 8A 03 C2 2E 00 B2 11 B2 11 1C 00 00 06 00 00 02 00 02 01 00 00 00 48 03 55
23:04:40.656 * tx 19311 F0 16 00 01 8A 04 00 00 19 81 00 00 3D 00 00 00 01 00 00 7D 01 55
23:04:40.663 * rx 19311 +0/105#1225 F0 69 00 01 8A 05 05 14 05 14 01 00 00 00 02 AA 00 AA 00 54 01 54 01 00 00 00 00 07 80 FF F3 00 F0 00 27 01 00 00 A0 36 1A 0C 09 05 D0 F8 F8 FF 00 00 00 00 00 00 00 00 00 00 00 00 00 00 00 00
23:04:40.671 * rx 19311 +64/105#1225 00 00 00 00 01 00 00 00 00 07 00 00 00 00 00 00 00 00 00 00 00 00 00 F4 00 70 00 00 00 00 00 70 00 00 00 00 00 11 73 0D 55
23:04:40.676 * rx 19314 F0 30 00 01 8A 06 82 00 D4 3F E2 0F 10 F5 3E 5B 44 7E 00 01 00 1C 28 28 1F 00 D3 3F 00 00 87 00 47 02 00 00 00 00 00 00 00 00 00 00 00 15 08 55
23:04:40.681 * tx 19326 F0 1D 00 01 8B 03 C2 2E 00 B2 11 B2 11 1C 00 00 06 00 00 02 00 02 01 00 00 00 49 03 55
23:04:40.694 * tx 19326 F0 16 00 01 8B 04 00 00 19 81 00 00 3D 00 00 00 01 00 00 7E 01 55
23:04:40.701 * rx 19328 +0/105#1229 F0 69 00 01 8B 05 05 14 05 14 01 00 00 00 02 AA 00 AA 00 54 01 54 01 00 00 00 00 07 80 FF F3 00 F0 00 27 01 00 00 A0 36 1A 0C 09 05 25 D0 30 08 04 04 00 00 00 00 00 00 00 00 00 00 00 00 00 00
23:04:40.706 * rx 19328 +64/105#1229 00 00 00 00 01 00 00 00 00 07 00 00 00 00 00 00 00 00 00 00 00 00 00 F4 00 70 00 00 00 00 00 70 00 00 00 00 00 11 EA 0A 55
23:04:40.711 * rx 19330 F0 30 00 01 8B 06 82 00 D4 3F E2 0F 10 F5 3E 5B 44 7E 00 01 00 1C 28 28 1F 00 D3 3F 00 00 87 00 47 02 00 00 00 00 00 00 00 00 00 00 00 16 08 55
23:04:40.719 * tx 19342 F0 1D 00 01 8C 03 C2 2E 00 B2 11 B2 11 1C 00 00 06 00 00 02 00 02 01 00 00 00 4A 03 55
23:04:40.729 * tx 19344 F0 16 00 01 8C 04 00 00 19 81 00 00 3D 00 00 00 01 00 00 7F 01 55
23:04:40.736 * rx 19345 +0/105#1233 F0 69 00 01 8C 05 05 14 05 14 01 00 00 00 02 AA 00 AA 00 54 01 54 01 00 00 00 00 07 80 FF F3 00 F0 00 27 01 00 00 A0 36 1A 0C 09 05 D0 F8 F8 FF 00 00 00 00 00 00 00 00 00 00 00 00 00 00 00 00
23:04:40.742 * rx 19345 +64/105#1233 00 00 00 00 01 00 00 00 00 07 00 00 00 00 00 00 00 00 00 00 00 00 00 F4 00 70 00 00 00 00 00 70 00 00 00 00 00 11 75 0D 55
23:04:40.747 * rx 19347 F0 30 00 01 8C 06 82 00 D4 3F E2 0F 10 F5 3E 5B 44 7E 00 01 00 1C 28 28 1F 00 D3 3F 00 00 87 00 47 02 00 00 00 00 00 00 00 00 00 00 00 17 08 55
23:04:40.756 * tx 19360 F0 1D 00 01 8D 03 C2 2E 00 B2 11 B2 11 1C 00 00 06 00 00 02 00 02 01 00 00 00 4B 03 55
23:04:40.764 * tx 19361 F0 16 00 01 8D 04 00 00 19 81 00 00 3D 00 00 00 01 00 00 80 01 55
23:04:40.769 * rx 19361 +0/105#1237 F0 69 00 01 8D 05 05 14 05 14 01 00 00 00 02 AA 00 AA 00 54 01 54 01 00 00 00 00 07 80 FF F3 00 F0 00 27 01 00 00 A0 36 1A 0C 09 05 25 D0 30 08 04 04 00 00 00 00 00 00 00 00 00 00 00 00 00 00
23:04:40.773 * rx 19361 +64/105#1237 00 00 00 00 01 00 00 00 00 07 00 00 00 00 00 00 00 00 00 00 00 00 00 F4 00 70 00 00 00 00 00 70 00 00 00 00 00 11 EC 0A 55
23:04:40.784 * rx 19364 F0 30 00 01 8D 06 82 00 D4 3F E2 0F 10 F5 3E 5B 44 7E 00 01 00 1C 28 28 1F 00 D3 3F 00 00 87 00 47 02 00 00 00 00 00 00 00 00 00 00 00 18 08 55
23:04:40.789 * tx 19376 F0 1D 00 01 8E 03 C2 2E 00 B2 11 B2 11 1C 00 00 06 00 00 02 00 02 01 00 00 00 4C 03 55
23:04:40.793 * tx 19376 F0 16 00 01 8E 04 00 00 19 81 00 00 3D 00 00 00 01 00 00 81 01 55
23:04:40.799 * rx 19378 +0/105#1241 F0 69 00 01 8E 05 05 14 05 14 01 00 00 00 02 AA 00 AA 00 54 01 54 01 00 00 00 00 07 80 FF F3 00 F0 00 27 01 00 00 A0 36 1A 0C 09 05 D0 F8 F8 FF 00 00 00 00 00 00 00 00 00 00 00 00 00 00 00 00
23:04:40.810 * rx 19378 +64/105#1241 00 00 00 00 01 00 00 00 00 07 00 00 00 00 00 00 00 00 00 00 00 00 00 F4 00 70 00 00 00 00 00 70 00 00 00 00 00 11 77 0D 55
23:04:41.613 * rxflood 109
23:04:41.619 * tx 20292 F0 1D 00 01 C5 03 C2 2E 00 B2 11 B2 11 1C 00 00 06 00 00 02 00 02 01 00 00 00 83 03 55
23:04:41.624 * tx 20293 F0 16 00 01 C5 04 00 00 19 81 00 00 3D 00 00 00 01 00 00 B8 01 55
23:04:41.634 * rx 20294 +0/105#1461 F0 69 00 01 C5 05 05 14 05 14 01 00 00 00 02 AA 00 AA 00 54 01 54 01 00 00 00 00 07 80 FF F3 00 F0 00 27 01 00 00 A0 36 1A 0C 09 05 25 D0 30 08 04 04 00 00 00 00 00 00 00 00 00 00 00 00 00 00
23:04:41.640 * rx 20294 +64/105#1461 00 00 00 00 01 00 00 00 00 07 00 00 00 00 00 00 00 00 00 00 00 00 00 F4 00 70 00 00 00 00 00 70 00 00 00 00 00 11 24 0B 55
23:04:41.646 * rx 20297 F0 30 00 01 C5 06 82 00 D4 3F E2 0F 10 F5 3E 5B 44 7E 00 01 00 1C 28 28 1F 00 D3 3F 00 00 87 00 47 02 00 00 00 00 00 00 00 00 00 00 00 50 08 55
23:04:41.651 * tx 20310 F0 1D 00 01 C6 03 C2 2E 00 B2 11 B2 11 1C 00 00 06 00 00 02 00 02 01 00 00 00 84 03 55
23:04:41.661 * tx 20311 F0 16 00 01 C6 04 00 00 19 81 00 00 3D 00 00 00 01 00 00 B9 01 55
23:04:41.667 * rx 20311 +0/105#1465 F0 69 00 01 C6 05 05 14 05 14 01 00 00 00 02 AA 00 AA 00 54 01 54 01 00 00 00 00 07 80 FF F3 00 F0 00 27 01 00 00 A0 36 1A 0C 09 05 D0 F8 F8 FF 00 00 00 00 00 00 00 00 00 00 00 00 00 00 00 00
23:04:41.672 * rx 20311 +64/105#1465 00 00 00 00 01 00 00 00 00 07 00 00 00 00 00 00 00 00 00 00 00 00 00 F4 00 70 00 00 00 00 00 70 00 00 00 00 00 11 AF 0D 55
23:04:41.677 * rx 20314 F0 30 00 01 C6 06 82 00 D4 3F E2 0F 10 F5 3E 5B 44 7E 00 01 00 1C 28 28 1F 00 D3 3F 00 00 87 00 47 02 00 00 00 00 00 00 00 00 00 00 00 51 08 55
23:04:41.687 * tx 20326 F0 1D 00 01 C7 03 C2 2E 00 B2 11 B2 11 1C 00 00 06 00 00 02 00 02 01 00 00 00 85 03 55
23:04:41.692 * tx 20326 F0 16 00 01 C7 04 00 00 19 81 00 00 3D 00 00 00 01 00 00 BA 01 55
23:04:41.697 * rx 20328 +0/105#1469 F0 69 00 01 C7 05 05 14 05 14 01 00 00 00 02 AA 00 AA 00 54 01 54 01 00 00 00 00 07 80 FF F3 00 F0 00 27 01 00 00 A0 36 1A 0C 09 05 25 D0 30 08 04 04 00 00 00 00 00 00 00 00 00 00 00 00 00 00
23:04:41.703 * rx 20328 +64/105#1469 00 00 00 00 01 00 00 00 00 07 00 00 00 00 00 00 00 00 00 00 00 00 00 F4 00 70 00 00 00 00 00 70 00 00 00 00 00 11 26 0B 55
23:04:41.713 * rx 20330 F0 30 00 01 C7 06 82 00 D4 3F E2 0F 10 F5 3E 5B 44 7E 00 01 00 1C 28 28 1F 00 D3 3F 00 00 87 00 47 02 00 00 00 00 00 00 00 00 00 00 00 52 08 55
23:04:41.720 * tx 20343 F0 1D 00 01 C8 03 C2 2E 00 B2 11 B2 11 1C 00 00 06 00 00 02 00 02 01 00 00 00 86 03 55
23:04:41.725 * tx 20344 F0 16 00 01 C8 04 00 00 19 81 00 00 3D 00 00 00 01 00 00 BB 01 55
23:04:41.731 * rx 20344 +0/105#1473 F0 69 00 01 C8 05 05 14 05 14 01 00 00 00 02 AA 00 AA 00 54 01 54 01 00 00 00 00 07 80 FF F3 00 F0 00 27 01 00 00 A0 36 1A 0C 09 05 D0 F8 F8 FF 00 00 00 00 00 00 00 00 00 00 00 00 00 00 00 00
23:04:41.742 * rx 20344 +64/105#1473 00 00 00 00 01 00 00 00 00 07 00 00 00 00 00 00 00 00 00 00 00 00 00 F4 00 70 00 00 00 00 00 70 00 00 00 00 00 11 B1 0D 55
23:04:41.748 * rx 20347 F0 30 00 01 C8 06 82 00 D4 3F E2 0F 10 F5 3E 5B 44 7E 00 01 00 1C 28 28 1F 00 D3 3F 00 00 87 00 47 02 00 00 00 00 00 00 00 00 00 00 00 53 08 55
23:04:41.754 * tx 20360 F0 1D 00 01 C9 03 C2 2E 00 B2 11 B2 11 1C 00 00 06 00 00 02 00 02 01 00 00 00 87 03 55
23:04:41.760 * tx 20360 F0 16 00 01 C9 04 00 00 19 81 00 00 3D 00 00 00 01 00 00 BC 01 55
23:04:41.770 * rx 20361 +0/105#1477 F0 69 00 01 C9 05 05 14 05 14 01 00 00 00 02 AA 00 AA 00 54 01 54 01 00 00 00 00 07 80 FF F3 00 F0 00 27 01 00 00 A0 36 1A 0C 09 05 25 D0 30 08 04 04 00 00 00 00 00 00 00 00 00 00 00 00 00 00
23:04:41.776 * rx 20361 +64/105#1477 00 00 00 00 01 00 00 00 00 07 00 00 00 00 00 00 00 00 00 00 00 00 00 F4 00 70 00 00 00 00 00 70 00 00 00 00 00 11 28 0B 55
23:04:41.782 * rx 20364 F0 30 00 01 C9 06 82 00 D4 3F E2 0F 10 F5 3E 5B 44 7E 00 01 00 1C 28 28 1F 00 D3 3F 00 00 87 00 47 02 00 00 00 00 00 00 00 00 00 00 00 54 08 55
23:04:41.788 * tx 20377 F0 1D 00 01 CA 03 C2 2E 00 B2 11 B2 11 1C 00 00 06 00 00 02 00 02 01 00 00 00 88 03 55
23:04:41.799 * tx 20378 F0 16 00 01 CA 04 00 00 19 81 00 00 3D 00 00 00 01 00 00 BD 01 55
23:04:41.805 * rx 20378 +0/105#1481 F0 69 00 01 CA 05 05 14 05 14 01 00 00 00 02 AA 00 AA 00 54 01 54 01 00 00 00 00 07 80 FF F3 00 F0 00 27 01 00 00 A0 36 1A 0C 09 05 D0 F8 F8 FF 00 00 00 00 00 00 00 00 00 00 00 00 00 00 00 00
23:04:41.810 * rx 20378 +64/105#1481 00 00 00 00 01 00 00 00 00 07 00 00 00 00 00 00 00 00 00 00 00 00 00 F4 00 70 00 00 00 00 00 70 00 00 00 00 00 11 B3 0D 55
23:04:42.614 * rxflood 109
23:04:42.620 * tx 21292 F0 1D 00 01 11 03 C2 2E 00 B2 11 B2 11 1C 00 00 06 00 00 02 00 02 01 00 00 00 CF 02 55
23:04:42.625 * tx 21293 F0 16 00 01 11 04 00 00 19 81 00 00 3D 00 00 00 01 00 00 04 01 55
23:04:42.631 * rx 21295 +0/105#1701 F0 69 00 01 11 05 05 14 05 14 01 00 00 00 02 AA 00 AA 00 54 01 54 01 00 00 00 00 07 80 FF F3 00 F0 00 27 01 00 00 A0 36 1A 0C 09 05 25 D0 30 08 04 04 00 00 00 00 00 00 00 00 00 00 00 00 00 00
23:04:42.641 * rx 21295 +64/105#1701 00 00 00 00 01 00 10 00 00 07 00 00 00 00 00 00 00 00 00 00 00 00 00 F4 00 70 00 00 00 00 00 70 00 00 00 00 00 11 80 0A 55
23:04:42.647 * rx 21297 F0 30 00 01 11 06 82 00 D4 3F E2 0F 10 F5 3E 5B 44 7E 00 01 00 1C 28 28 1F 00 D3 3F 00 00 87 00 47 02 00 00 00 00 00 00 00 00 00 00 00 9C 07 55
23:04:42.652 * tx 21310 F0 1D 00 01 12 03 C2 2E 00 B2 11 B2 11 1C 00 00 06 00 00 02 00 02 01 00 00 00 D0 02 55
23:04:42.664 * tx 21311 F0 16 00 01 12 04 00 00 19 81 00 00 3D 00 00 00 01 00 00 05 01 55
23:04:42.674 * rx 21311 +0/105#1705 F0 69 00 01 12 05 05 14 05 14 01 00 00 00 02 AA 00 AA 00 54 01 54 01 00 00 00 00 07 80 FF F3 00 F0 00 27 01 00 00 A0 36 1A 0C 09 05 D0 F8 F8 FF 00 00 00 00 00 00 00 00 00 00 00 00 00 00 00 00
23:04:42.680 * rx 21311 +64/105#1705 00 00 00 00 01 00 10 00 00 07 00 00 00 00 00 00 00 00 00 00 00 00 00 F4 00 70 00 00 00 00 00 70 00 00 00 00 00 11 0B 0D 55
23:04:42.687 * rx 21314 F0 30 00 01 12 06 82 00 D4 3F E2 0F 10 F5 3E 5B 44 7E 00 01 00 1C 28 28 1F 00 D3 3F 00 00 87 00 47 02 00 00 00 00 00 00 00 00 00 00 00 9D 07 55
23:04:42.695 * tx 21327 F0 1D 00 01 13 03 C2 2E 00 B2 11 B2 11 1C 00 00 06 00 00 02 00 02 01 00 00 00 D1 02 55
23:04:42.706 * tx 21328 F0 16 00 01 13 04 00 00 19 81 00 00 3D 00 00 00 01 00 00 06 01 55
23:04:42.713 * rx 21328 +0/105#1709 F0 69 00 01 13 05 05 14 05 14 01 00 00 00 02 AA 00 AA 00 54 01 54 01 00 00 00 00 07 80 FF F3 00 F0 00 27 01 00 00 A0 36 1A 0C 09 05 25 D0 30 08 04 04 00 00 00 00 00 00 00 00 00 00 00 00 00 00
23:04:42.719 * rx 21328 +64/105#1709 00 00 00 00 01 00 10 00 00 07 00 00 00 00 00 00 00 00 00 00 00 00 00 F4 00 70 00 00 00 00 00 70 00 00 00 00 00 11 82 0A 55
23:04:42.728 * rx 21330 F0 30 00 01 13 06 82 00 D4 3F E2 0F 10 F5 3E 5B 44 7E 00 01 00 1C 28 28 1F 00 D3 3F 00 00 87 00 47 02 00 00 00 00 00 00 00 00 00 00 00 9E 07 55
23:04:42.737 * tx 21342 F0 1D 00 01 14 03 C2 2E 00 B2 11 B2 11 1C 00 00 06 00 00 02 00 02 01 00 00 00 D2 02 55
23:04:42.742 * tx 21344 F0 16 00 01 14 04 00 00 19 81 00 00 3D 00 00 00 01 00 00 07 01 55
23:04:42.748 * rx 21345 +0/105#1713 F0 69 00 01 14 05 05 14 05 14 01 00 00 00 02 AA 00 AA 00 54 01 54 01 00 00 00 00 07 80 FF F3 00 F0 00 27 01 00 00 A0 36 1A 0C 09 05 D0 F8 F8 FF 00 00 00 00 00 00 00 00 00 00 00 00 00 00 00 00
23:04:42.758 * rx 21345 +64/105#1713 00 00 00 00 01 00 10 00 00 07 00 00 00 00 00 00 00 00 00 00 00 00 00 F4 00 70 00 00 00 00 00 70 00 00 00 00 00 11 0D 0D 55
23:04:42.765 * rx 21347 F0 30 00 01 14 06 82 00 D4 3F E2 0F 10 F5 3E 5B 44 7E 00 01 00 1C 28 28 1F 00 D3 3F 00 00 87 00 47 02 00 00 00 00 00 00 00 00 00 00 00 9F 07 55
23:04:42.770 * tx 21360 F0 1D 00 01 15 03 C2 2E 00 B2 11 B2 11 1C 00 00 06 00 00 02 00 02 01 00 00 00 D3 02 55
23:04:42.780 * tx 21361 F0 16 00 01 15 04 00 00 19 81 00 00 3D 00 00 00 01 00 00 08 01 55
23:04:42.788 * rx 21361 +0/105#1717 F0 69 00 01 15 05 05 14 05 14 01 00 00 00 02 AA 00 AA 00 54 01 54 01 00 00 00 00 07 80 FF F3 00 F0 00 27 01 00 00 A0 36 1A 0C 09 05 25 D0 30 08 04 04 00 00 00 00 00 00 00 00 00 00 00 00 00 00
23:04:42.793 * rx 21361 +64/105#1717 00 00 00 00 01 00 10 00 00 07 00 00 00 00 00 00 00 00 00 00 00 00 00 F4 00 70 00 00 00 00 00 70 00 00 00 00 00 11 84 0A 55
23:04:42.805 * rx 21364 F0 30 00 01 15 06 82 00 D4 3F E2 0F 10 F5 3E 5B 44 7E 00 01 00 1C 28 28 1F 00 D3 3F 00 00 87 00 47 02 00 00 00 00 00 00 00 00 00 00 00 A0 07 55
23:04:42.811 * tx 21377 F0 1D 00 01 16 03 C2 2E 00 B2 11 B2 11 1C 00 00 06 00 00 02 00 02 01 00 00 00 D4 02 55
23:04:42.817 * tx 21378 F0 16 00 01 16 04 00 00 19 81 00 00 3D 00 00 00 01 00 00 09 01 55
23:04:42.829 * rx 21378 +0/105#1721 F0 69 00 01 16 05 05 14 05 14 01 00 00 00 02 AA 00 AA 00 54 01 54 01 00 00 00 00 07 80 FF F3 00 F0 00 27 01 00 00 A0 36 1A 0C 09 05 D0 F8 F8 FF 00 00 00 00 00 00 00 00 00 00 00 00 00 00 00 00
23:04:42.836 * rx 21378 +64/105#1721 00 00 00 00 01 00 10 00 00 07 00 00 00 00 00 00 00 00 00 00 00 00 00 F4 00 70 00 00 00 00 00 70 00 00 00 00 00 11 0F 0D 55
23:04:43.613 * rxflood 109
23:04:43.629 * tx 22292 F0 1D 00 01 4D 03 C2 2E 00 B2 11 B2 11 1C 00 00 06 00 00 02 00 02 01 00 00 00 0B 03 55
23:04:43.637 * tx 22293 F0 16 00 01 4D 04 00 00 19 81 00 00 3D 00 00 00 01 00 00 40 01 55
23:04:43.645 * rx 22295 +0/105#1941 F0 69 00 01 4D 05 05 14 05 14 01 00 00 00 02 AA 00 AA 00 54 01 54 01 00 00 00 00 07 80 FF F3 00 F0 00 27 01 00 00 A0 36 1A 0C 09 05 25 D0 30 08 04 04 00 00 00 00 00 00 00 00 00 00 00 00 00 00
23:04:43.658 * rx 22295 +64/105#1941 00 00 00 00 01 00 10 00 00 07 00 00 00 00 00 00 00 00 00 00 00 00 00 F4 00 70 00 00 00 00 00 70 00 00 00 00 00 11 BC 0A 55
23:04:43.666 * rx 22297 F0 30 00 01 4D 06 82 00 D4 3F E2 0F 10 F5 3E 5B 44 7E 00 01 00 1C 28 28 1F 00 D3 3F 00 00 87 00 47 02 00 00 00 00 00 00 00 00 00 00 00 D8 07 55
23:04:43.673 * tx 22310 F0 1D 00 01 4E 03 C2 2E 00 B2 11 B2 11 1C 00 00 06 00 00 02 00 02 01 00 00 00 0C 03 55
23:04:43.686 * tx 22311 F0 16 00 01 4E 04 00 00 19 81 00 00 3D 00 00 00 01 00 00 41 01 55
23:04:43.693 * rx 22311 +0/105#1945 F0 69 00 01 4E 05 05 14 05 14 01 00 00 00 02 AA 00 AA 00 54 01 54 01 00 00 00 00 07 80 FF F3 00 F0 00 27 01 00 00 A0 36 1A 0C 09 05 D0 F8 F8 FF 00 00 00 00 00 00 00 00 00 00 00 00 00 00 00 00
23:04:43.701 * rx 22311 +64/105#1945 00 00 00 00 01 00 10 00 00 07 00 00 00 00 00 00 00 00 00 00 00 00 00 F4 00 70 00 00 00 00 00 70 00 00 00 00 00 11 47 0D 55
23:04:43.713 * rx 22314 F0 30 00 01 4E 06 82 00 D4 3F E2 0F 10 F5 3E 5B 44 7E 00 01 00 1C 28 28 1F 00 D3 3F 00 00 87 00 47 02 00 00 00 00 00 00 00 00 00 00 00 D9 07 55
23:04:43.725 * tx 22327 F0 1D 00 01 4F 03 C2 2E 00 B2 11 B2 11 1C 00 00 06 00 00 02 00 02 01 00 00 00 0D 03 55
23:04:43.734 * tx 22328 F0 16 00 01 4F 04 00 00 19 81 00 00 3D 00 00 00 01 00 00 42 01 55
23:04:43.748 * rx 22328 +0/105#1949 F0 69 00 01 4F 05 05 14 05 14 01 00 00 00 02 AA 00 AA 00 54 01 54 01 00 00 00 00 07 80 FF F3 00 F0 00 27 01 00 00 A0 36 1A 0C 09 05 25 D0 30 08 04 04 00 00 00 00 00 00 00 00 00 00 00 00 00 00
23:04:43.757 * rx 22328 +64/105#1949 00 00 00 00 01 00 10 00 00 07 00 00 00 00 00 00 00 00 00 00 00 00 00 F4 00 70 00 00 00 00 00 70 00 00 00 00 00 11 BE 0A 55
23:04:43.765 * rx 22330 F0 30 00 01 4F 06 82 00 D4 3F E2 0F 10 F5 3E 5B 44 7E 00 01 00 1C 28 28 1F 00 D3 3F 00 00 87 00 47 02 00 00 00 00 00 00 00 00 00 00 00 DA 07 55
23:04:43.776 * tx 22342 F0 1D 00 01 50 03 C2 2E 00 B2 11 B2 11 1C 00 00 06 00 00 02 00 02 01 00 00 00 0E 03 55
23:04:43.784 * tx 22344 F0 16 00 01 50 04 00 00 19 81 00 00 3D 00 00 00 01 00 00 43 01 55
23:04:43.791 * rx 22345 +0/105#1953 F0 69 00 01 50 05 05 14 05 14 01 00 00 00 02 AA 00 AA 00 54 01 54 01 00 00 00 00 07 80 FF F3 00 F0 00 27 01 00 00 A0 36 1A 0C 09 05 D0 F8 F8 FF 00 00 00 00 00 00 00 00 00 00 00 00 00 00 00 00
23:04:43.804 * rx 22345 +64/105#1953 00 00 00 00 01 00 10 00 00 07 00 00 00 00 00 00 00 00 00 00 00 00 00 F4 00 70 00 00 00 00 00 70 00 00 00 00 00 11 49 0D 55
23:04:43.812 * rx 22347 F0 30 00 01 50 06 82 00 D4 3F E2 0F 10 F5 3E 5B 44 7E 00 01 00 1C 28 28 1F 00 D3 3F 00 00 87 00 47 02 00 00 00 00 00 00 00 00 00 00 00 DB 07 55
23:04:43.819 * tx 22360 F0 1D 00 01 51 03 C2 2E 00 B2 11 B2 11 1C 00 00 06 00 00 02 00 02 01 00 00 00 0F 03 55
23:04:43.831 * tx 22361 F0 16 00 01 51 04 00 00 19 81 00 00 3D 00 00 00 01 00 00 44 01 55
23:04:43.838 * rx 22361 +0/105#1957 F0 69 00 01 51 05 05 14 05 14 01 00 00 00 02 AA 00 AA 00 54 01 54 01 00 00 00 00 07 80 FF F3 00 F0 00 27 01 00 00 A0 36 1A 0C 09 05 25 D0 30 08 04 04 00 00 00 00 00 00 00 00 00 00 00 00 00 00
23:04:43.844 * rx 22361 +64/105#1957 00 00 00 00 01 00 10 00 00 07 00 00 00 00 00 00 00 00 00 00 00 00 00 F4 00 70 00 00 00 00 00 70 00 00 00 00 00 11 C0 0A 55
23:04:43.856 * rx 22364 F0 30 00 01 51 06 82 00 D4 3F E2 0F 10 F5 3E 5B 44 7E 00 01 00 1C 28 28 1F 00 D3 3F 00 00 87 00 47 02 00 00 00 00 00 00 00 00 00 00 00 DC 07 55
23:04:43.864 * tx 22377 F0 1D 00 01 52 03 C2 2E 00 B2 11 B2 11 1C 00 00 06 00 00 02 00 02 01 00 00 00 10 03 55
23:04:43.872 * tx 22378 F0 16 00 01 52 04 00 00 19 81 00 00 3D 00 00 00 01 00 00 45 01 55
23:04:43.885 * rx 22378 +0/105#1961 F0 69 00 01 52 05 05 14 05 14 01 00 00 00 02 AA 00 AA 00 54 01 54 01 00 00 00 00 07 80 FF F3 00 F0 00 27 01 00 00 A0 36 1A 0C 09 05 D0 F8 F8 FF 00 00 00 00 00 00 00 00 00 00 00 00 00 00 00 00
23:04:43.895 * rx 22378 +64/105#1961 00 00 00 00 01 00 10 00 00 07 00 00 00 00 00 00 00 00 00 00 00 00 00 F4 00 70 00 00 00 00 00 70 00 00 00 00 00 11 4B 0D 55
23:04:43.906 > LOG OFF
23:04:43.923 ok log=0 all=0
