04:31:09.231 (réponse inattendue à « v », ignorée) ESP-ROM:esp32s3-20210327
04:31:09.233 [app] carte : protocole 1.3
04:31:09.260 [app] prêt : FE 24-105mm F4 G OSS — focus par « - »
04:31:10.572 > LOG ON
04:31:10.575 ok log=1 all=0
04:31:14.135 * lens 27233 0x05[62]=03
04:31:14.136 * ring 27233 mode=focus source=0x05
04:31:18.414 * lens 31517 0x05[62]=01
04:31:18.415 * ring 31517 mode=aperture source=0x05
04:31:20.751 > LOG ALL
04:31:20.754 ok log=1 all=1
04:31:20.775 * tx 33865 F0 1D 00 01 3A 03 C2 2E 00 B2 11 B2 11 1C 00 00 06 00 00 02 00 02 01 00 00 00 F8 02 55
04:31:20.777 * tx 33866 F0 16 00 01 3A 04 00 00 19 83 00 00 3D 00 00 00 01 00 00 2F 01 55
04:31:20.777 * rx 33866 +0/105#3 F0 69 00 01 3A 05 05 14 05 14 01 00 00 00 02 AA 00 AA 00 54 01 54 01 00 00 00 4D 01 80 96 F2 00 F0 00 27 01 00 00 A0 37 1B 0C 09 05 D0 F9 F8 FF 00 00 00 00 00 00 00 00 00 00 00 00 FD FF 00 00
04:31:20.778 * rx 33866 +64/105#3 00 00 00 00 01 00 10 00 00 07 00 00 00 00 00 00 00 00 00 00 00 00 00 24 01 70 00 00 00 00 00 70 00 00 00 00 00 11 40 0E 55
04:31:20.778 * rx 33869 F0 30 00 01 3A 06 82 00 E1 41 D8 0F 10 EC 3E 52 44 5E 00 01 00 1C 28 28 00 00 E0 41 00 00 87 00 39 02 00 00 00 00 00 00 00 00 00 00 00 7A 07 55
04:31:20.779 * tx 33882 F0 1D 00 01 3B 03 C2 2E 00 B2 11 B2 11 1C 00 00 06 00 00 02 00 02 01 00 00 00 F9 02 55
04:31:20.796 * tx 33883 F0 16 00 01 3B 04 00 00 19 83 00 00 3D 00 00 00 01 00 00 30 01 55
04:31:20.797 * rx 33883 +0/105#7 F0 69 00 01 3B 05 05 14 05 14 01 00 00 00 02 AA 00 AA 00 54 01 54 01 00 00 00 4D 01 80 96 F2 00 F0 00 27 01 00 00 A0 37 1B 0C 09 05 25 E8 38 08 08 04 00 00 00 00 00 00 00 00 00 00 FD FF 00 00
04:31:20.797 * rx 33883 +64/105#7 00 00 00 00 01 00 10 00 00 07 00 00 00 00 00 00 00 00 00 00 00 00 00 24 01 70 00 00 00 00 00 70 00 00 00 00 00 11 DA 0B 55
04:31:20.798 * rx 33885 F0 30 00 01 3B 06 82 00 E1 41 D8 0F 10 EC 3E 52 44 5E 00 01 00 1C 28 28 00 00 E0 41 00 00 87 00 39 02 00 00 00 00 00 00 00 00 00 00 00 7B 07 55
04:31:20.798 * tx 33898 F0 1D 00 01 3C 03 C2 2E 00 B2 11 B2 11 1C 00 00 06 00 00 02 00 02 01 00 00 00 FA 02 55
04:31:20.799 * tx 33899 F0 16 00 01 3C 04 00 00 19 83 00 00 3D 00 00 00 01 00 00 31 01 55
04:31:20.799 * rx 33900 +0/105#11 F0 69 00 01 3C 05 05 14 05 14 01 00 00 00 02 AA 00 AA 00 54 01 54 01 00 00 00 4D 01 80 96 F2 00 F0 00 27 01 00 00 A0 37 1B 0C 09 05 D0 F9 F8 FF 00 00 00 00 00 00 00 00 00 00 00 00 FD FF 00 00
04:31:20.800 * rx 33900 +64/105#11 00 00 00 00 01 00 10 00 00 07 00 00 00 00 00 00 00 00 00 00 00 00 00 24 01 70 00 00 00 00 00 70 00 00 00 00 00 11 42 0E 55
04:31:20.801 * rx 33902 F0 30 00 01 3C 06 82 00 E1 41 D8 0F 10 EC 3E 52 44 5E 00 01 00 1C 28 28 00 00 E0 41 00 00 87 00 39 02 00 00 00 00 00 00 00 00 00 00 00 7C 07 55
04:31:20.815 * tx 33915 F0 1D 00 01 3D 03 C2 2E 00 B2 11 B2 11 1C 00 00 06 00 00 02 00 02 01 00 00 00 FB 02 55
04:31:20.816 * tx 33916 F0 16 00 01 3D 04 00 00 19 83 00 00 3D 00 00 00 01 00 00 32 01 55
04:31:20.817 * rx 33916 +0/105#15 F0 69 00 01 3D 05 05 14 05 14 01 00 00 00 02 AA 00 AA 00 54 01 54 01 00 00 00 4D 01 80 96 F2 00 F0 00 27 01 00 00 A0 37 1B 0C 09 05 25 E8 38 08 08 04 00 00 00 00 00 00 00 00 00 00 FD FF 00 00
04:31:20.818 * rx 33916 +64/105#15 00 00 00 00 01 00 10 00 00 07 00 00 00 00 00 00 00 00 00 00 00 00 00 24 01 70 00 00 00 00 00 70 00 00 00 00 00 11 DC 0B 55
04:31:20.820 * rx 33919 F0 30 00 01 3D 06 82 00 E1 41 D8 0F 10 EC 3E 52 44 5E 00 01 00 1C 28 28 00 00 E0 41 00 00 87 00 39 02 00 00 00 00 00 00 00 00 00 00 00 7D 07 55
04:31:20.835 * tx 33932 F0 1D 00 01 3E 03 C2 2E 00 B2 11 B2 11 1C 00 00 06 00 00 02 00 02 01 00 00 00 FC 02 55
04:31:20.837 * tx 33933 F0 16 00 01 3E 04 00 00 19 83 00 00 3D 00 00 00 01 00 00 33 01 55
04:31:20.838 * rx 33933 +0/105#19 F0 69 00 01 3E 05 05 14 05 14 01 00 00 00 02 AA 00 AA 00 54 01 54 01 00 00 00 4D 01 80 96 F2 00 F0 00 27 01 00 00 A0 37 1B 0C 09 05 D0 F9 F8 FF 00 00 00 00 00 00 00 00 00 00 00 00 FD FF 00 00
04:31:20.840 * rx 33933 +64/105#19 00 00 00 00 01 00 10 00 00 07 00 00 00 00 00 00 00 00 00 00 00 00 00 24 01 70 00 00 00 00 00 70 00 00 00 00 00 11 44 0E 55
04:31:20.841 * rx 33935 F0 30 00 01 3E 06 82 00 E1 41 D8 0F 10 EC 3E 52 44 5E 00 01 00 1C 28 28 00 00 E0 41 00 00 87 00 39 02 00 00 00 00 00 00 00 00 00 00 00 7E 07 55
04:31:20.855 * tx 33948 F0 1D 00 01 3F 03 C2 2E 00 B2 11 B2 11 1C 00 00 06 00 00 02 00 02 01 00 00 00 FD 02 55
04:31:20.857 * tx 33949 F0 16 00 01 3F 04 00 00 19 83 00 00 3D 00 00 00 01 00 00 34 01 55
04:31:20.858 * rx 33950 +0/105#23 F0 69 00 01 3F 05 05 14 05 14 01 00 00 00 02 AA 00 AA 00 54 01 54 01 00 00 00 4D 01 80 96 F2 00 F0 00 27 01 00 00 A0 37 1B 0C 09 05 25 E8 38 08 08 04 00 00 00 00 00 00 00 00 00 00 FD FF 00 00
04:31:20.859 * rx 33950 +64/105#23 00 00 00 00 01 00 10 00 00 07 00 00 00 00 00 00 00 00 00 00 00 00 00 24 01 70 00 00 00 00 00 70 00 00 00 00 00 11 DE 0B 55
04:31:20.860 * rx 33952 F0 30 00 01 3F 06 82 00 E1 41 D8 0F 10 EC 3E 52 44 5E 00 01 00 1C 28 28 00 00 E0 41 00 00 87 00 39 02 00 00 00 00 00 00 00 00 00 00 00 7F 07 55
04:31:21.774 * rxflood 108
04:31:21.777 * tx 34865 F0 1D 00 01 76 03 C2 2E 00 B2 11 B2 11 1C 00 00 06 00 00 02 00 02 01 00 00 00 34 03 55
04:31:21.778 * tx 34866 F0 16 00 01 76 04 00 00 19 83 00 00 3D 00 00 00 01 00 00 6B 01 55
04:31:21.780 * rx 34866 +0/105#243 F0 69 00 01 76 05 05 14 05 14 01 00 00 00 02 AA 00 AA 00 54 01 54 01 00 00 00 4D 01 80 96 F2 00 F0 00 27 01 00 00 A0 37 1B 0C 09 05 D0 F9 F8 FF 00 00 00 00 00 00 00 00 00 00 00 00 FD FF 00 00
04:31:21.781 * rx 34866 +64/105#243 00 00 00 00 01 00 10 00 00 07 00 00 00 00 00 00 00 00 00 00 00 00 00 24 01 70 00 00 00 00 00 70 00 00 00 00 00 11 7C 0E 55
04:31:21.782 * rx 34869 F0 30 00 01 76 06 82 00 E1 41 D8 0F 10 EC 3E 52 44 5E 00 01 00 1C 28 28 00 00 E0 41 00 00 87 00 39 02 00 00 00 00 00 00 00 00 00 00 00 B6 07 55
04:31:21.784 * tx 34882 F0 1D 00 01 77 03 C2 2E 00 B2 11 B2 11 1C 00 00 06 00 00 02 00 02 01 00 00 00 35 03 55
04:31:21.796 * tx 34883 F0 16 00 01 77 04 00 00 19 83 00 00 3D 00 00 00 01 00 00 6C 01 55
04:31:21.798 * rx 34883 +0/105#247 F0 69 00 01 77 05 05 14 05 14 01 00 00 00 02 AA 00 AA 00 54 01 54 01 00 00 00 4D 01 80 96 F2 00 F0 00 27 01 00 00 A0 37 1B 0C 09 05 25 E8 38 08 08 04 00 00 00 00 00 00 00 00 00 00 FD FF 00 00
04:31:21.800 * rx 34883 +64/105#247 00 00 00 00 01 00 10 00 00 07 00 00 00 00 00 00 00 00 00 00 00 00 00 24 01 70 00 00 00 00 00 70 00 00 00 00 00 11 16 0C 55
04:31:21.804 * rx 34885 F0 30 00 01 77 06 82 00 E1 41 D8 0F 10 EC 3E 52 44 5E 00 01 00 1C 28 28 00 00 E0 41 00 00 87 00 39 02 00 00 00 00 00 00 00 00 00 00 00 B7 07 55
04:31:21.806 * tx 34898 F0 1D 00 01 78 03 C2 2E 00 B2 11 B2 11 1C 00 00 06 00 00 02 00 02 01 00 00 00 36 03 55
04:31:21.808 * tx 34898 F0 16 00 01 78 04 00 00 19 83 00 00 3D 00 00 00 01 00 00 6D 01 55
04:31:21.811 * rx 34900 +0/105#251 F0 69 00 01 78 05 05 14 05 14 01 00 00 00 02 AA 00 AA 00 54 01 54 01 00 00 00 4D 01 80 96 F2 00 F0 00 27 01 00 00 A0 37 1B 0C 09 05 D0 F9 F8 FF 00 00 00 00 00 00 00 00 00 00 00 00 FD FF 00 00
04:31:21.813 * rx 34900 +64/105#251 00 00 00 00 01 00 10 00 00 07 00 00 00 00 00 00 00 00 00 00 00 00 00 24 01 70 00 00 00 00 00 70 00 00 00 00 00 11 7E 0E 55
04:31:21.815 * rx 34902 F0 30 00 01 78 06 82 00 E1 41 D8 0F 10 EC 3E 52 44 5E 00 01 00 1C 28 28 00 00 E0 41 00 00 87 00 39 02 00 00 00 00 00 00 00 00 00 00 00 B8 07 55
04:31:21.818 * tx 34915 F0 1D 00 01 79 03 C2 2E 00 B2 11 B2 11 1C 00 00 06 00 00 02 00 02 01 00 00 00 37 03 55
04:31:21.820 * tx 34916 F0 16 00 01 79 04 00 00 19 83 00 00 3D 00 00 00 01 00 00 6E 01 55
04:31:21.823 * rx 34916 +0/105#255 F0 69 00 01 79 05 05 14 05 14 01 00 00 00 02 AA 00 AA 00 54 01 54 01 00 00 00 4D 01 80 96 F2 00 F0 00 27 01 00 00 A0 37 1B 0C 09 05 25 E8 38 08 08 04 00 00 00 00 00 00 00 00 00 00 FD FF 00 00
04:31:21.826 * rx 34916 +64/105#255 00 00 00 00 01 00 10 00 00 07 00 00 00 00 00 00 00 00 00 00 00 00 00 24 01 70 00 00 00 00 00 70 00 00 00 00 00 11 18 0C 55
04:31:21.829 * rx 34919 F0 30 00 01 79 06 82 00 E1 41 D8 0F 10 EC 3E 52 44 5E 00 01 00 1C 28 28 00 00 E0 41 00 00 87 00 39 02 00 00 00 00 00 00 00 00 00 00 00 B9 07 55
04:31:21.836 * tx 34932 F0 1D 00 01 7A 03 C2 2E 00 B2 11 B2 11 1C 00 00 06 00 00 02 00 02 01 00 00 00 38 03 55
04:31:21.838 * tx 34933 F0 16 00 01 7A 04 00 00 19 83 00 00 3D 00 00 00 01 00 00 6F 01 55
04:31:21.840 * rx 34933 +0/105#259 F0 69 00 01 7A 05 05 14 05 14 01 00 00 00 02 AA 00 AA 00 54 01 54 01 00 00 00 4D 01 80 96 F2 00 F0 00 27 01 00 00 A0 37 1B 0C 09 05 D0 F9 F8 FF 00 00 00 00 00 00 00 00 00 00 00 00 FD FF 00 00
04:31:21.843 * rx 34933 +64/105#259 00 00 00 00 01 00 10 00 00 07 00 00 00 00 00 00 00 00 00 00 00 00 00 24 01 70 00 00 00 00 00 70 00 00 00 00 00 11 80 0E 55
04:31:21.845 * rx 34935 F0 30 00 01 7A 06 82 00 E1 41 D8 0F 10 EC 3E 52 44 5E 00 01 00 1C 28 28 00 00 E0 41 00 00 87 00 39 02 00 00 00 00 00 00 00 00 00 00 00 BA 07 55
04:31:21.855 * tx 34948 F0 1D 00 01 7B 03 C2 2E 00 B2 11 B2 11 1C 00 00 06 00 00 02 00 02 01 00 00 00 39 03 55
04:31:21.858 * tx 34949 F0 16 00 01 7B 04 00 00 19 83 00 00 3D 00 00 00 01 00 00 70 01 55
04:31:21.861 * rx 34950 +0/105#263 F0 69 00 01 7B 05 05 14 05 14 01 00 00 00 02 AA 00 AA 00 54 01 54 01 00 00 00 4D 01 80 96 F2 00 F0 00 27 01 00 00 A0 37 1B 0C 09 05 25 E8 38 08 08 04 00 00 00 00 00 00 00 00 00 00 FD FF 00 00
04:31:21.864 * rx 34950 +64/105#263 00 00 00 00 01 00 10 00 00 07 00 00 00 00 00 00 00 00 00 00 00 00 00 24 01 70 00 00 00 00 00 70 00 00 00 00 00 11 1A 0C 55
04:31:22.775 * rxflood 109
04:31:22.778 * tx 35865 F0 1D 00 01 B2 03 C2 2E 00 B2 11 B2 11 1C 00 00 06 00 00 02 00 02 01 00 00 00 70 03 55
04:31:22.782 * tx 35866 F0 16 00 01 B2 04 00 00 19 83 00 00 3D 00 00 00 01 00 00 A7 01 55
04:31:22.786 * rx 35866 +0/105#483 F0 69 00 01 B2 05 05 14 05 14 01 00 00 00 02 AA 00 AA 00 54 01 54 01 00 00 00 4D 01 80 96 F2 00 F0 00 27 01 00 00 A0 37 1B 0C 09 05 D0 F9 F8 FF 00 00 00 00 00 00 00 00 00 00 00 00 FD FF 00 00
04:31:22.789 * rx 35866 +64/105#483 00 00 00 00 01 00 10 00 00 07 00 00 00 00 00 00 00 00 00 00 00 00 00 24 01 70 00 00 00 00 00 70 00 00 00 00 00 11 B8 0E 55
04:31:22.793 * rx 35869 F0 30 00 01 B2 06 82 00 E1 41 D8 0F 10 EC 3E 52 44 5E 00 01 00 1C 28 28 00 00 E0 41 00 00 87 00 39 02 00 00 00 00 00 00 00 00 00 00 00 F2 07 55
04:31:22.797 * tx 35882 F0 1D 00 01 B3 03 C2 2E 00 B2 11 B2 11 1C 00 00 06 00 00 02 00 02 01 00 00 00 71 03 55
04:31:22.800 * tx 35883 F0 16 00 01 B3 04 00 00 19 83 00 00 3D 00 00 00 01 00 00 A8 01 55
04:31:22.805 * rx 35883 +0/105#487 F0 69 00 01 B3 05 05 14 05 14 01 00 00 00 02 AA 00 AA 00 54 01 54 01 00 00 00 4D 01 80 96 F2 00 F0 00 27 01 00 00 A0 37 1B 0C 09 05 25 E8 38 08 08 04 00 00 00 00 00 00 00 00 00 00 FD FF 00 00
04:31:22.808 * rx 35883 +64/105#487 00 00 00 00 01 00 10 00 00 07 00 00 00 00 00 00 00 00 00 00 00 00 00 24 01 70 00 00 00 00 00 70 00 00 00 00 00 11 52 0C 55
04:31:22.813 * rx 35885 F0 30 00 01 B3 06 82 00 E1 41 D8 0F 10 EC 3E 52 44 5E 00 01 00 1C 28 28 00 00 E0 41 00 00 87 00 39 02 00 00 00 00 00 00 00 00 00 00 00 F3 07 55
04:31:22.816 * tx 35898 F0 1D 00 01 B4 03 C2 2E 00 B2 11 B2 11 1C 00 00 06 00 00 02 00 02 01 00 00 00 72 03 55
04:31:22.820 * tx 35899 F0 16 00 01 B4 04 00 00 19 83 00 00 3D 00 00 00 01 00 00 A9 01 55
04:31:22.823 * rx 35900 +0/105#491 F0 69 00 01 B4 05 05 14 05 14 01 00 00 00 02 AA 00 AA 00 54 01 54 01 00 00 00 4D 01 80 96 F2 00 F0 00 27 01 00 00 A0 37 1B 0C 09 05 D0 F9 F8 FF 00 00 00 00 00 00 00 00 00 00 00 00 FD FF 00 00
04:31:22.830 * rx 35900 +64/105#491 00 00 00 00 01 00 10 00 00 07 00 00 00 00 00 00 00 00 00 00 00 00 00 24 01 70 00 00 00 00 00 70 00 00 00 00 00 11 BA 0E 55
04:31:22.833 * rx 35902 F0 30 00 01 B4 06 82 00 E1 41 D8 0F 10 EC 3E 52 44 5E 00 01 00 1C 28 28 00 00 E0 41 00 00 87 00 39 02 00 00 00 00 00 00 00 00 00 00 00 F4 07 55
04:31:22.835 * tx 35915 F0 1D 00 01 B5 03 C2 2E 00 B2 11 B2 11 1C 00 00 06 00 00 02 00 02 01 00 00 00 73 03 55
04:31:22.838 * tx 35916 F0 16 00 01 B5 04 00 00 19 83 00 00 3D 00 00 00 01 00 00 AA 01 55
04:31:22.840 * rx 35916 +0/105#495 F0 69 00 01 B5 05 05 14 05 14 01 00 00 00 02 AA 00 AA 00 54 01 54 01 00 00 00 4D 01 80 96 F2 00 F0 00 27 01 00 00 A0 37 1B 0C 09 05 25 E8 38 08 08 04 00 00 00 00 00 00 00 00 00 00 FD FF 00 00
04:31:22.843 * rx 35916 +64/105#495 00 00 00 00 01 00 10 00 00 07 00 00 00 00 00 00 00 00 00 00 00 00 00 24 01 70 00 00 00 00 00 70 00 00 00 00 00 11 54 0C 55
04:31:22.845 * rx 35919 F0 30 00 01 B5 06 82 00 E1 41 D8 0F 10 EC 3E 52 44 5E 00 01 00 1C 28 28 00 00 E0 41 00 00 87 00 39 02 00 00 00 00 00 00 00 00 00 00 00 F5 07 55
04:31:22.848 * tx 35932 F0 1D 00 01 B6 03 C2 2E 00 B2 11 B2 11 1C 00 00 06 00 00 02 00 02 01 00 00 00 74 03 55
04:31:22.855 * tx 35933 F0 16 00 01 B6 04 00 00 19 83 00 00 3D 00 00 00 01 00 00 AB 01 55
04:31:22.860 * rx 35933 +0/105#499 F0 69 00 01 B6 05 05 14 05 14 01 00 00 00 02 AA 00 AA 00 54 01 54 01 00 00 00 4D 01 80 96 F2 00 F0 00 27 01 00 00 A0 37 1B 0C 09 05 D0 F9 F8 FF 00 00 00 00 00 00 00 00 00 00 00 00 FD FF 00 00
04:31:22.864 * rx 35933 +64/105#499 00 00 00 00 01 00 10 00 00 07 00 00 00 00 00 00 00 00 00 00 00 00 00 24 01 70 00 00 00 00 00 70 00 00 00 00 00 11 BC 0E 55
04:31:22.867 * rx 35935 F0 30 00 01 B6 06 82 00 E1 41 D8 0F 10 EC 3E 52 44 5E 00 01 00 1C 28 28 00 00 E0 41 00 00 87 00 39 02 00 00 00 00 00 00 00 00 00 00 00 F6 07 55
04:31:22.870 * tx 35948 F0 1D 00 01 B7 03 C2 2E 00 B2 11 B2 11 1C 00 00 06 00 00 02 00 02 01 00 00 00 75 03 55
04:31:22.873 * tx 35949 F0 16 00 01 B7 04 00 00 19 83 00 00 3D 00 00 00 01 00 00 AC 01 55
04:31:22.876 * rx 35950 +0/105#503 F0 69 00 01 B7 05 05 14 05 14 01 00 00 00 02 AA 00 AA 00 54 01 54 01 00 00 00 4D 01 80 96 F2 00 F0 00 27 01 00 00 A0 37 1B 0C 09 05 25 E8 38 08 08 04 00 00 00 00 00 00 00 00 00 00 FD FF 00 00
04:31:22.878 * rx 35950 +64/105#503 00 00 00 00 01 00 10 00 00 07 00 00 00 00 00 00 00 00 00 00 00 00 00 24 01 70 00 00 00 00 00 70 00 00 00 00 00 11 56 0C 55
04:31:23.774 * rxflood 109
04:31:23.778 * tx 36865 F0 1D 00 01 EE 03 C2 2E 00 B2 11 B2 11 1C 00 00 06 00 00 02 00 02 01 00 00 00 AC 03 55
04:31:23.782 * tx 36866 F0 16 00 01 EE 04 00 00 19 83 00 00 3D 00 00 00 01 00 00 E3 01 55
04:31:23.787 * rx 36866 +0/105#723 F0 69 00 01 EE 05 05 14 05 14 01 00 00 00 02 AA 00 AA 00 54 01 54 01 00 00 00 4D 01 80 96 F2 00 F0 00 27 01 00 00 A0 37 1B 0C 09 05 D0 F9 F8 FF 00 00 00 00 00 00 00 00 00 00 00 00 FD FF 00 00
04:31:23.791 * rx 36866 +64/105#723 00 00 00 00 01 00 10 00 00 07 00 00 00 00 00 00 00 00 00 00 00 00 00 24 01 70 00 00 00 00 00 70 00 00 00 00 00 11 F4 0E 55
04:31:23.794 * rx 36869 F0 30 00 01 EE 06 82 00 E1 41 D8 0F 10 EC 3E 52 44 5E 00 01 00 1C 28 28 00 00 E0 41 00 00 87 00 39 02 00 00 00 00 00 00 00 00 01 FF 00 2E 09 55
04:31:23.797 * tx 36882 F0 1D 00 01 EF 03 C2 2E 00 B2 11 B2 11 1C 00 00 06 00 00 02 00 02 01 00 00 00 AD 03 55
04:31:23.799 * tx 36883 F0 16 00 01 EF 04 00 00 19 83 00 00 3D 00 00 00 01 00 00 E4 01 55
04:31:23.804 * rx 36883 +0/105#727 F0 69 00 01 EF 05 05 14 05 14 01 00 00 00 02 AA 00 AA 00 54 01 54 01 00 00 00 4D 01 80 96 F2 00 F0 00 27 01 00 00 A0 37 1B 0C 09 05 25 E8 38 08 08 04 00 00 00 00 00 00 00 00 00 00 FD FF 00 00
04:31:23.809 * rx 36883 +64/105#727 00 00 00 00 01 00 10 00 00 07 00 00 00 00 00 00 00 00 00 00 00 00 00 24 01 70 00 00 00 00 00 70 00 00 00 00 00 11 8E 0C 55
04:31:23.813 * rx 36885 F0 30 00 01 EF 06 82 00 E1 41 D8 0F 10 EC 3E 52 44 5E 00 01 00 1C 28 28 00 00 E0 41 00 00 87 00 39 02 00 00 00 00 00 00 00 00 00 01 FF 2F 09 55
04:31:23.816 * tx 36898 F0 1D 00 01 00 03 C2 2E 00 B2 11 B2 11 1C 00 00 06 00 00 02 00 02 01 00 00 00 BE 02 55
04:31:23.821 * tx 36898 F0 16 00 01 00 04 00 00 19 83 00 00 3D 00 00 00 01 00 00 F5 00 55
04:31:23.825 * rx 36900 +0/105#731 F0 69 00 01 00 05 05 14 05 14 01 00 00 00 02 AA 00 AA 00 54 01 54 01 00 00 00 4D 01 80 96 F2 00 F0 00 27 01 00 00 A0 37 1B 0C 09 05 D0 F9 F8 FF 00 00 00 00 00 00 00 00 00 00 00 00 FD FF 00 00
04:31:23.828 * rx 36900 +64/105#731 00 00 00 00 01 00 10 00 00 07 00 00 00 00 00 00 00 00 00 00 00 00 00 24 01 70 00 00 00 00 00 70 00 00 00 00 00 11 06 0E 55
04:31:23.832 * rx 36902 F0 30 00 01 00 06 82 00 E1 41 D8 0F 10 EC 3E 52 44 5E 00 01 00 1C 28 28 00 00 E0 41 00 00 87 00 39 02 00 00 00 00 00 00 00 01 FF 01 FF 40 09 55
04:31:23.835 * tx 36915 F0 1D 00 01 01 03 C2 2E 00 B2 11 B2 11 1C 00 00 06 00 00 02 00 02 01 00 00 00 BF 02 55
04:31:23.839 * tx 36916 F0 16 00 01 01 04 00 00 19 83 00 00 3D 00 00 00 01 00 00 F6 00 55
04:31:23.842 * rx 36916 +0/105#735 F0 69 00 01 01 05 05 14 05 14 01 00 00 00 02 AA 00 AA 00 54 01 54 01 00 00 00 4D 01 80 96 F2 00 F0 00 27 01 00 00 A0 37 1B 0C 09 05 25 E8 38 08 08 04 00 00 00 00 00 00 00 00 00 00 FD FF 00 00
04:31:23.845 * rx 36916 +64/105#735 00 00 00 00 01 00 10 00 00 07 00 00 00 00 00 00 00 00 00 00 00 00 00 24 01 70 00 00 00 00 00 70 00 00 00 00 00 11 A0 0B 55
04:31:23.851 * rx 36919 F0 30 00 01 01 06 82 00 E1 41 D8 0F 10 EC 3E 52 44 5E 00 01 00 1C 28 28 00 00 E0 41 00 00 87 00 39 02 00 00 00 00 00 00 00 00 01 00 FF 41 08 55
04:31:23.855 * tx 36932 F0 1D 00 01 02 03 C2 2E 00 B2 11 B2 11 1C 00 00 06 00 00 02 00 02 01 00 00 00 C0 02 55
04:31:23.859 * tx 36933 F0 16 00 01 02 04 00 00 19 83 00 00 3D 00 00 00 01 00 00 F7 00 55
04:31:23.863 * rx 36933 +0/105#739 F0 69 00 01 02 05 05 14 05 14 01 00 00 00 02 AA 00 AA 00 54 01 54 01 00 00 00 4D 01 80 96 F2 00 F0 00 27 01 00 00 A0 37 1B 0C 09 05 D0 F9 F8 FF 00 00 00 00 00 00 00 00 00 00 00 00 FD FF 00 00
04:31:23.866 * rx 36933 +64/105#739 00 00 00 00 01 00 10 00 00 07 00 00 00 00 00 00 00 00 00 00 00 00 00 24 01 70 00 00 00 00 00 70 00 00 00 00 00 11 08 0E 55
04:31:23.868 * rx 36935 F0 30 00 01 02 06 82 00 E1 41 D8 0F 10 EC 3E 52 44 5E 00 01 00 1C 28 28 00 00 E0 41 00 00 87 00 39 02 00 00 00 00 00 00 01 FF 00 00 00 42 08 55
04:31:23.878 * tx 36948 F0 1D 00 01 03 03 C2 2E 00 B2 11 B2 11 1C 00 00 06 00 00 02 00 02 01 00 00 00 C1 02 55
04:31:23.881 * tx 36948 F0 16 00 01 03 04 00 00 19 83 00 00 3D 00 00 00 01 00 00 F8 00 55
04:31:23.884 * rx 36950 +0/105#743 F0 69 00 01 03 05 05 14 05 14 01 00 00 00 02 AA 00 AA 00 54 01 54 01 00 00 00 4D 01 80 96 F2 00 F0 00 27 01 00 00 A0 37 1B 0C 09 05 25 E8 38 08 08 04 00 00 00 00 00 00 00 00 00 00 FD FF 00 00
04:31:23.888 * rx 36950 +64/105#743 00 00 00 00 01 00 10 00 00 07 00 00 00 00 00 00 00 00 00 00 00 00 00 24 01 70 00 00 00 00 00 70 00 00 00 00 00 11 A2 0B 55
04:31:24.774 * rxflood 109
04:31:24.778 * tx 37865 F0 1D 00 01 3A 03 C2 2E 00 B2 11 B2 11 1C 00 00 06 00 00 02 00 02 01 00 00 00 F8 02 55
04:31:24.784 * tx 37866 F0 16 00 01 3A 04 00 00 19 83 00 00 3D 00 00 00 01 00 00 2F 01 55
04:31:24.788 * rx 37866 +0/105#963 F0 69 00 01 3A 05 05 14 05 14 01 00 00 00 02 AA 00 AA 00 54 01 54 01 00 00 00 4D 01 80 96 F2 00 F0 00 27 01 00 00 A0 37 1B 0C 09 05 D0 F9 F8 FF 00 00 00 00 00 00 00 00 00 00 00 00 FD FF 00 00
04:31:24.791 * rx 37866 +64/105#963 00 00 00 00 01 00 10 00 00 07 00 00 00 00 00 00 00 00 00 00 00 00 00 24 01 70 00 00 00 00 00 70 00 00 00 00 00 11 40 0E 55
04:31:24.794 * rx 37869 F0 30 00 01 3A 06 82 00 E1 41 D8 0F 10 EC 3E 52 44 5E 00 01 00 1C 28 28 00 00 E0 41 00 00 87 00 39 02 00 00 00 00 00 00 00 01 FF 00 00 7A 08 55
04:31:24.798 * tx 37882 F0 1D 00 01 3B 03 C2 2E 00 B2 11 B2 11 1C 00 00 06 00 00 02 00 02 01 00 00 00 F9 02 55
04:31:24.803 * tx 37883 F0 16 00 01 3B 04 00 00 19 83 00 00 3D 00 00 00 01 00 00 30 01 55
04:31:24.809 * rx 37883 +0/105#967 F0 69 00 01 3B 05 05 14 05 14 01 00 00 00 02 AA 00 AA 00 54 01 54 01 00 00 00 4D 01 80 96 F2 00 F0 00 27 01 00 00 A0 37 1B 0C 09 05 25 E8 38 08 08 04 00 00 00 00 00 00 00 00 00 00 FD FF 00 00
04:31:24.813 * rx 37883 +64/105#967 00 00 00 00 01 00 10 00 00 07 00 00 00 00 00 00 00 00 00 00 00 00 00 24 01 70 00 00 00 00 00 70 00 00 00 00 00 11 DA 0B 55
04:31:24.817 * rx 37885 F0 30 00 01 3B 06 82 00 E1 41 D8 0F 10 EC 3E 52 44 5E 00 01 00 1C 28 28 00 00 E0 41 00 00 87 00 39 02 00 00 00 00 00 00 00 00 00 00 00 7B 07 55
04:31:24.820 * tx 37898 F0 1D 00 01 3C 03 C2 2E 00 B2 11 B2 11 1C 00 00 06 00 00 02 00 02 01 00 00 00 FA 02 55
04:31:24.823 * tx 37898 F0 16 00 01 3C 04 00 00 19 83 00 00 3D 00 00 00 01 00 00 31 01 55
04:31:24.829 * rx 37900 +0/105#971 F0 69 00 01 3C 05 05 14 05 14 01 00 00 00 02 AA 00 AA 00 54 01 54 01 00 00 00 4D 01 80 96 F2 00 F0 00 27 01 00 00 A0 37 1B 0C 09 05 D0 F9 F8 FF 00 00 00 00 00 00 00 00 00 00 00 00 FD FF 00 00
04:31:24.835 * rx 37900 +64/105#971 00 00 00 00 01 00 10 00 00 07 00 00 00 00 00 00 00 00 00 00 00 00 00 24 01 70 00 00 00 00 00 70 00 00 00 00 00 11 42 0E 55
04:31:24.839 * rx 37902 F0 30 00 01 3C 06 82 00 E1 41 D8 0F 10 EC 3E 52 44 5E 00 01 00 1C 28 28 00 00 E0 41 00 00 87 00 39 02 00 00 00 00 00 00 01 FF 00 00 00 7C 08 55
04:31:24.843 * tx 37915 F0 1D 00 01 3D 03 C2 2E 00 B2 11 B2 11 1C 00 00 06 00 00 02 00 02 01 00 00 00 FB 02 55
04:31:24.847 * tx 37916 F0 16 00 01 3D 04 00 00 19 83 00 00 3D 00 00 00 01 00 00 32 01 55
04:31:24.852 * rx 37916 +0/105#975 F0 69 00 01 3D 05 05 14 05 14 01 00 00 00 02 AA 00 AA 00 54 01 54 01 00 00 00 4D 01 80 96 F2 00 F0 00 27 01 00 00 A0 37 1B 0C 09 05 25 E8 38 08 08 04 00 00 00 00 00 00 00 00 00 00 FD FF 00 00
04:31:24.860 * rx 37916 +64/105#975 00 00 00 00 01 00 10 00 00 07 00 00 00 00 00 00 00 00 00 00 00 00 00 24 01 70 00 00 00 00 00 70 00 00 00 00 00 11 DC 0B 55
04:31:24.864 * rx 37919 F0 30 00 01 3D 06 82 00 E1 41 D8 0F 10 EC 3E 52 44 5E 00 01 00 1C 28 28 00 00 E0 41 00 00 87 00 39 02 00 00 00 00 00 00 00 00 00 00 00 7D 07 55
04:31:24.868 * tx 37932 F0 1D 00 01 3E 03 C2 2E 00 B2 11 B2 11 1C 00 00 06 00 00 02 00 02 01 00 00 00 FC 02 55
04:31:24.871 * tx 37933 F0 16 00 01 3E 04 00 00 19 83 00 00 3D 00 00 00 01 00 00 33 01 55
04:31:24.874 * rx 37933 +0/105#979 F0 69 00 01 3E 05 05 14 05 14 01 00 00 00 02 AA 00 AA 00 54 01 54 01 00 00 00 4D 01 80 96 F2 00 F0 00 27 01 00 00 A0 37 1B 0C 09 05 D0 F9 F8 FF 00 00 00 00 00 00 00 00 00 00 00 00 FD FF 00 00
04:31:24.882 * rx 37933 +64/105#979 00 00 00 00 01 00 10 00 00 07 00 00 00 00 00 00 00 00 00 00 00 00 00 24 01 70 00 00 00 00 00 70 00 00 00 00 00 11 44 0E 55
04:31:24.887 * rx 37935 F0 30 00 01 3E 06 82 00 E1 41 D8 0F 10 EC 3E 52 44 5E 00 01 00 1C 28 28 00 00 E0 41 00 00 87 00 39 02 00 00 00 00 00 01 FF 00 00 00 00 7E 08 55
04:31:24.891 * tx 37948 F0 1D 00 01 3F 03 C2 2E 00 B2 11 B2 11 1C 00 00 06 00 00 02 00 02 01 00 00 00 FD 02 55
04:31:24.894 * tx 37949 F0 16 00 01 3F 04 00 00 19 83 00 00 3D 00 00 00 01 00 00 34 01 55
04:31:24.899 * rx 37950 +0/105#983 F0 69 00 01 3F 05 05 14 05 14 01 00 00 00 02 AA 00 AA 00 54 01 54 01 00 00 00 4D 01 80 96 F2 00 F0 00 27 01 00 00 A0 37 1B 0C 09 05 25 E8 38 08 08 04 00 00 00 00 00 00 00 00 00 00 FD FF 00 00
04:31:24.905 * rx 37950 +64/105#983 00 00 00 00 01 00 10 00 00 07 00 00 00 00 00 00 00 00 00 00 00 00 00 24 01 70 00 00 00 00 00 70 00 00 00 00 00 11 DE 0B 55
04:31:25.774 * rxflood 109
04:31:25.780 * tx 38865 F0 1D 00 01 76 03 C2 2E 00 B2 11 B2 11 1C 00 00 06 00 00 02 00 02 01 00 00 00 34 03 55
04:31:25.786 * tx 38866 F0 16 00 01 76 04 00 00 19 83 00 00 3D 00 00 00 01 00 00 6B 01 55
04:31:25.790 * rx 38866 +0/105#1203 F0 69 00 01 76 05 05 14 05 14 01 00 00 00 02 AA 00 AA 00 54 01 54 01 00 00 00 4D 01 80 96 F2 00 F0 00 27 01 00 00 A0 37 1B 0C 09 05 D0 F9 F8 FF 00 00 00 00 00 00 00 00 00 00 00 00 FD FF 00 00
04:31:25.800 * rx 38866 +64/105#1203 00 00 00 00 01 00 10 00 00 07 00 00 00 00 00 00 00 00 00 00 00 00 00 24 01 70 00 00 00 00 00 70 00 00 00 00 00 11 7C 0E 55
04:31:25.806 * rx 38869 F0 30 00 01 76 06 82 00 E1 41 D8 0F 10 EC 3E 52 44 5E 00 01 00 1C 28 28 00 00 E0 41 00 00 87 00 39 02 00 00 00 00 00 00 00 01 FF 00 00 B6 08 55
04:31:25.810 * tx 38882 F0 1D 00 01 77 03 C2 2E 00 B2 11 B2 11 1C 00 00 06 00 00 02 00 02 01 00 00 00 35 03 55
04:31:25.814 * tx 38883 F0 16 00 01 77 04 00 00 19 83 00 00 3D 00 00 00 01 00 00 6C 01 55
04:31:25.818 * rx 38883 +0/105#1207 F0 69 00 01 77 05 05 14 05 14 01 00 00 00 02 AA 00 AA 00 54 01 54 01 00 00 00 4D 01 80 96 F2 00 F0 00 27 01 00 00 A0 37 1B 0C 09 05 25 E8 38 08 08 04 00 00 00 00 00 00 00 00 00 00 FD FF 00 00
04:31:25.828 * rx 38883 +64/105#1207 00 00 00 00 01 00 10 00 00 07 00 00 00 00 00 00 00 00 00 00 00 00 00 24 01 70 00 00 00 00 00 70 00 00 00 00 00 11 16 0C 55
04:31:25.834 * rx 38885 F0 30 00 01 77 06 82 00 E1 41 D8 0F 10 EC 3E 52 44 5E 00 01 00 1C 28 28 00 00 E0 41 00 00 87 00 39 02 00 00 00 00 00 00 00 00 01 FF 00 B7 08 55
04:31:25.839 * tx 38898 F0 1D 00 01 78 03 C2 2E 00 B2 11 B2 11 1C 00 00 06 00 00 02 00 02 01 00 00 00 36 03 55
04:31:25.844 * tx 38898 F0 16 00 01 78 04 00 00 19 83 00 00 3D 00 00 00 01 00 00 6D 01 55
04:31:25.848 * rx 38900 +0/105#1211 F0 69 00 01 78 05 05 14 05 14 01 00 00 00 02 AA 00 AA 00 54 01 54 01 00 00 00 4D 01 80 96 F2 00 F0 00 27 01 00 00 A0 37 1B 0C 09 05 D0 F9 F8 FF 00 00 00 00 00 00 00 00 00 00 00 00 FD FF 00 00
04:31:25.859 * rx 38900 +64/105#1211 00 00 00 00 01 00 10 00 00 07 00 00 00 00 00 00 00 00 00 00 00 00 00 24 01 70 00 00 00 00 00 70 00 00 00 00 00 11 7E 0E 55
04:31:25.863 * rx 38902 F0 30 00 01 78 06 82 00 E1 41 D8 0F 10 EC 3E 52 44 5E 00 01 00 1C 28 28 00 00 E0 41 00 00 87 00 39 02 00 00 00 00 00 00 00 00 00 00 00 B8 07 55
04:31:25.867 * tx 38915 F0 1D 00 01 79 03 C2 2E 00 B2 11 B2 11 1C 00 00 06 00 00 02 00 02 01 00 00 00 37 03 55
04:31:25.871 * tx 38916 F0 16 00 01 79 04 00 00 19 83 00 00 3D 00 00 00 01 00 00 6E 01 55
04:31:25.877 * rx 38916 +0/105#1215 F0 69 00 01 79 05 05 14 05 14 01 00 00 00 02 AA 00 AA 00 54 01 54 01 00 00 00 4D 01 80 96 F2 00 F0 00 27 01 00 00 A0 37 1B 0C 09 05 25 E8 38 08 08 04 00 00 00 00 00 00 00 00 00 00 FD FF 00 00
04:31:25.885 * rx 38916 +64/105#1215 00 00 00 00 01 00 10 00 00 07 00 00 00 00 00 00 00 00 00 00 00 00 00 24 01 70 00 00 00 00 00 70 00 00 00 00 00 11 18 0C 55
04:31:25.892 * rx 38919 F0 30 00 01 79 06 82 00 E1 41 D8 0F 10 EC 3E 52 44 5E 00 01 00 1C 28 28 00 00 E0 41 00 00 87 00 39 02 00 00 00 00 00 00 00 00 00 00 00 B9 07 55
04:31:25.897 * tx 38932 F0 1D 00 01 7A 03 C2 2E 00 B2 11 B2 11 1C 00 00 06 00 00 02 00 02 01 00 00 00 38 03 55
04:31:25.901 * tx 38933 F0 16 00 01 7A 04 00 00 19 83 00 00 3D 00 00 00 01 00 00 6F 01 55
04:31:25.909 * rx 38933 +0/105#1219 F0 69 00 01 7A 05 05 14 05 14 01 00 00 00 02 AA 00 AA 00 54 01 54 01 00 00 00 4D 01 80 96 F2 00 F0 00 27 01 00 00 A0 37 1B 0C 09 05 D0 F9 F8 FF 00 00 00 00 00 00 00 00 00 00 00 00 FD FF 00 00
04:31:25.914 * rx 38933 +64/105#1219 00 00 00 00 01 00 10 00 00 07 00 00 00 00 00 00 00 00 00 00 00 00 00 24 01 70 00 00 00 00 00 70 00 00 00 00 00 11 80 0E 55
04:31:25.918 * rx 38935 F0 30 00 01 7A 06 82 00 E1 41 D8 0F 10 EC 3E 52 44 5E 00 01 00 1C 28 28 00 00 E0 41 00 00 87 00 39 02 00 00 00 00 00 00 00 00 00 01 FF BA 08 55
04:31:25.922 * tx 38948 F0 1D 00 01 7B 03 C2 2E 00 B2 11 B2 11 1C 00 00 06 00 00 02 00 02 01 00 00 00 39 03 55
04:31:25.929 * tx 38949 F0 16 00 01 7B 04 00 00 19 83 00 00 3D 00 00 00 01 00 00 70 01 55
04:31:25.937 * rx 38950 +0/105#1223 F0 69 00 01 7B 05 05 14 05 14 01 00 00 00 02 AA 00 AA 00 54 01 54 01 00 00 00 4D 01 80 96 F2 00 F0 00 27 01 00 00 A0 37 1B 0C 09 05 25 E8 38 08 08 04 00 00 00 00 00 00 00 00 00 00 FD FF 00 00
04:31:25.942 * rx 38950 +64/105#1223 00 00 00 00 01 00 10 00 00 07 00 00 00 00 00 00 00 00 00 00 00 00 00 24 01 70 00 00 00 00 00 70 00 00 00 00 00 11 1A 0C 55
04:31:26.774 * rxflood 109
04:31:26.781 * tx 39865 F0 1D 00 01 B2 03 C2 2E 00 B2 11 B2 11 1C 00 00 06 00 00 02 00 02 01 00 00 00 70 03 55
04:31:26.789 * tx 39866 F0 16 00 01 B2 04 00 00 19 83 00 00 3D 00 00 00 01 00 00 A7 01 55
04:31:26.800 * rx 39866 +0/105#1443 F0 69 00 01 B2 05 05 14 05 14 01 00 00 00 02 AA 00 AA 00 54 01 54 01 00 00 00 4D 01 80 96 F2 00 F0 00 27 01 00 00 A0 37 1B 0C 09 05 D0 F9 F8 FF 00 00 00 00 00 00 00 00 00 00 00 00 FD FF 00 00
04:31:26.806 * rx 39866 +64/105#1443 00 00 00 00 01 00 10 00 00 07 00 00 00 00 00 00 00 00 00 00 00 00 00 24 01 70 00 00 00 00 00 70 00 00 00 00 00 11 B8 0E 55
04:31:26.812 * rx 39869 F0 30 00 01 B2 06 82 00 E1 41 D8 0F 10 EC 3E 52 44 5E 00 01 00 1C 28 28 00 00 E0 41 00 00 87 00 39 02 00 00 00 00 00 00 00 00 00 00 00 F2 07 55
04:31:26.816 * tx 39882 F0 1D 00 01 B3 03 C2 2E 00 B2 11 B2 11 1C 00 00 06 00 00 02 00 02 01 00 00 00 71 03 55
04:31:26.827 * tx 39883 F0 16 00 01 B3 04 00 00 19 83 00 00 3D 00 00 00 01 00 00 A8 01 55
04:31:26.834 * rx 39883 +0/105#1447 F0 69 00 01 B3 05 05 14 05 14 01 00 00 00 02 AA 00 AA 00 54 01 54 01 00 00 00 4D 01 80 96 F2 00 F0 00 27 01 00 00 A0 37 1B 0C 09 05 25 E8 38 08 08 04 00 00 00 00 00 00 00 00 00 00 FD FF 00 00
04:31:26.841 * rx 39883 +64/105#1447 00 00 00 00 01 00 10 00 00 07 00 00 00 00 00 00 00 00 00 00 00 00 00 24 01 70 00 00 00 00 00 70 00 00 00 00 00 11 52 0C 55
04:31:26.846 * rx 39885 F0 30 00 01 B3 06 82 00 E1 41 D8 0F 10 EC 3E 52 44 5E 00 01 00 1C 28 28 00 00 E0 41 00 00 87 00 39 02 00 00 00 00 00 00 00 00 00 00 00 F3 07 55
04:31:26.855 * tx 39898 F0 1D 00 01 B4 03 C2 2E 00 B2 11 B2 11 1C 00 00 06 00 00 02 00 02 01 00 00 00 72 03 55
04:31:26.862 * tx 39898 F0 16 00 01 B4 04 00 00 19 83 00 00 3D 00 00 00 01 00 00 A9 01 55
04:31:26.868 * rx 39900 +0/105#1451 F0 69 00 01 B4 05 05 14 05 14 01 00 00 00 02 AA 00 AA 00 54 01 54 01 00 00 00 4D 01 80 96 F2 00 F0 00 27 01 00 00 A0 37 1B 0C 09 05 D0 F9 F8 FF 00 00 00 00 00 00 00 00 00 00 00 00 FD FF 00 00
04:31:26.873 * rx 39900 +64/105#1451 00 00 00 00 01 00 10 00 00 07 00 00 00 00 00 00 00 00 00 00 00 00 00 24 01 70 00 00 00 00 00 70 00 00 00 00 00 11 BA 0E 55
04:31:26.884 * rx 39902 F0 30 00 01 B4 06 82 00 E1 41 D8 0F 10 EC 3E 52 44 5E 00 01 00 1C 28 28 00 00 E0 41 00 00 87 00 39 02 00 00 00 00 00 00 00 01 FF 00 00 F4 08 55
04:31:26.891 * tx 39915 F0 1D 00 01 B5 03 C2 2E 00 B2 11 B2 11 1C 00 00 06 00 00 02 00 02 01 00 00 00 73 03 55
04:31:26.896 * tx 39916 F0 16 00 01 B5 04 00 00 19 83 00 00 3D 00 00 00 01 00 00 AA 01 55
04:31:26.901 * rx 39916 +0/105#1455 F0 69 00 01 B5 05 05 14 05 14 01 00 00 00 02 AA 00 AA 00 54 01 54 01 00 00 00 4D 01 80 96 F2 00 F0 00 27 01 00 00 A0 37 1B 0C 09 05 25 E8 38 08 08 04 00 00 00 00 00 00 00 00 00 00 FD FF 00 00
04:31:26.912 * rx 39916 +64/105#1455 00 00 00 00 01 00 10 00 00 07 00 00 00 00 00 00 00 00 00 00 00 00 00 24 01 70 00 00 00 00 00 70 00 00 00 00 00 11 54 0C 55
04:31:26.917 * rx 39919 F0 30 00 01 B5 06 82 00 E1 41 D8 0F 10 EC 3E 52 44 5E 00 01 00 1C 28 28 00 00 E0 41 00 00 87 00 39 02 00 00 00 00 00 00 00 00 01 00 FF F5 08 55
04:31:26.922 * tx 39932 F0 1D 00 01 B6 03 C2 2E 00 B2 11 B2 11 1C 00 00 06 00 00 02 00 02 01 00 00 00 74 03 55
04:31:26.926 * tx 39933 F0 16 00 01 B6 04 00 00 19 83 00 00 3D 00 00 00 01 00 00 AB 01 55
04:31:26.936 * rx 39933 +0/105#1459 F0 69 00 01 B6 05 05 14 05 14 01 00 00 00 02 AA 00 AA 00 54 01 54 01 00 00 00 4D 01 80 96 F2 00 F0 00 27 01 00 00 A0 37 1B 0C 09 05 D0 F9 F8 FF 00 00 00 00 00 00 00 00 00 00 00 00 FD FF 00 00
04:31:26.940 * rx 39933 +64/105#1459 00 00 00 00 01 00 10 00 00 07 00 00 00 00 00 00 00 00 00 00 00 00 00 24 01 70 00 00 00 00 00 70 00 00 00 00 00 11 BC 0E 55
04:31:26.947 * rx 39935 F0 30 00 01 B6 06 82 00 E1 41 D8 0F 10 EC 3E 52 44 5E 00 01 00 1C 28 28 00 00 DF 41 00 00 87 00 39 02 00 00 00 00 00 00 00 00 00 00 01 F6 07 55
04:31:26.952 * tx 39948 F0 1D 00 01 B7 03 C2 2E 00 B2 11 B2 11 1C 00 00 06 00 00 02 00 02 01 00 00 00 75 03 55
04:31:26.963 * tx 39949 F0 16 00 01 B7 04 00 00 19 83 00 00 3D 00 00 00 01 00 00 AC 01 55
04:31:26.971 * rx 39950 +0/105#1463 F0 69 00 01 B7 05 05 14 05 14 01 00 00 00 02 AA 00 AA 00 54 01 54 01 00 00 00 4D 01 80 96 F2 00 F0 00 27 01 00 00 A0 37 1B 0C 09 05 25 E8 38 08 08 04 00 00 00 00 00 00 00 00 00 00 FD FF 00 00
04:31:26.977 * rx 39950 +64/105#1463 00 00 00 00 01 00 10 00 00 07 00 00 00 00 00 00 00 00 00 00 00 00 00 24 01 70 00 00 00 00 00 70 00 00 00 00 00 11 56 0C 55
04:31:27.775 * rxflood 109
04:31:27.781 * tx 40865 F0 1D 00 01 EE 03 C2 2E 00 B2 11 B2 11 1C 00 00 06 00 00 02 00 02 01 00 00 00 AC 03 55
04:31:27.787 * tx 40866 F0 16 00 01 EE 04 00 00 19 83 00 00 3D 00 00 00 01 00 00 E3 01 55
04:31:27.793 * rx 40866 +0/105#1683 F0 69 00 01 EE 05 05 14 05 14 01 00 00 00 02 AA 00 AA 00 54 01 54 01 00 00 00 4D 01 80 96 F2 00 F0 00 27 01 00 00 A0 37 1B 0C 09 05 D0 F9 F8 FF 00 00 00 00 00 00 00 00 00 00 00 00 FD FF 00 00
04:31:27.804 * rx 40866 +64/105#1683 00 00 00 00 01 00 10 00 00 07 00 00 00 00 00 00 00 00 00 00 00 00 00 24 01 70 00 00 00 00 00 70 00 00 00 00 00 11 F4 0E 55
04:31:27.813 * rx 40869 F0 30 00 01 EE 06 82 00 E1 41 D8 0F 10 EC 3E 52 44 5E 00 01 00 1C 28 28 00 00 E0 41 00 00 87 00 39 02 00 00 00 00 00 00 01 FF 01 FF 00 2E 0A 55
04:31:27.823 * tx 40882 F0 1D 00 01 EF 03 C2 2E 00 B2 11 B2 11 1C 00 00 06 00 00 02 00 02 01 00 00 00 AD 03 55
04:31:27.832 * tx 40883 F0 16 00 01 EF 04 00 00 19 83 00 00 3D 00 00 00 01 00 00 E4 01 55
04:31:27.840 * rx 40883 +0/105#1687 F0 69 00 01 EF 05 05 14 05 14 01 00 00 00 02 AA 00 AA 00 54 01 54 01 00 00 00 4D 01 80 96 F2 00 F0 00 27 01 00 00 A0 37 1B 0C 09 05 25 E8 38 08 08 04 00 00 00 00 00 00 00 00 00 00 FD FF 00 00
04:31:27.849 * rx 40883 +64/105#1687 00 00 00 00 01 00 10 00 00 07 00 00 00 00 00 00 00 00 00 00 00 00 00 24 01 70 00 00 00 00 00 70 00 00 00 00 00 11 8E 0C 55
04:31:27.855 * rx 40885 F0 30 00 01 EF 06 82 00 E1 41 D8 0F 10 EC 3E 52 44 5E 00 01 00 1C 28 28 00 00 DF 41 00 00 87 00 39 02 00 00 00 00 01 00 FF 00 01 FF 01 2F 0A 55
04:31:27.860 * tx 40898 F0 1D 00 01 00 03 C2 2E 00 B2 11 B2 11 1C 00 00 06 00 00 02 00 02 01 00 00 00 BE 02 55
04:31:27.867 * tx 40898 F0 16 00 01 00 04 00 00 19 83 00 00 3D 00 00 00 01 00 00 F5 00 55
04:31:27.876 * rx 40900 +0/105#1691 F0 69 00 01 00 05 05 14 05 14 01 00 00 00 02 AA 00 AA 00 54 01 54 01 00 00 00 4D 01 80 96 F2 00 F0 00 27 01 00 00 A0 37 1B 0C 09 05 D0 F9 F8 FF 00 00 00 00 00 00 00 00 00 00 00 00 FD FF 00 00
04:31:27.882 * rx 40900 +64/105#1691 00 00 00 00 01 00 10 00 00 07 00 00 00 00 00 00 00 00 00 00 00 00 00 24 01 70 00 00 00 00 00 70 00 00 00 00 00 11 06 0E 55
04:31:27.888 * rx 40902 F0 30 00 01 00 06 82 00 E1 41 D8 0F 10 EC 3E 52 44 5E 00 01 00 1C 28 28 00 00 DF 41 00 00 87 00 39 02 00 00 00 00 01 00 00 FF 01 00 00 40 08 55
04:31:27.896 * tx 40915 F0 1D 00 01 01 03 C2 2E 00 B2 11 B2 11 1C 00 00 06 00 00 02 00 02 01 00 00 00 BF 02 55
04:31:27.905 * tx 40916 F0 16 00 01 01 04 00 00 19 83 00 00 3D 00 00 00 01 00 00 F6 00 55
04:31:27.912 * rx 40916 +0/105#1695 F0 69 00 01 01 05 05 14 05 14 01 00 00 00 02 AA 00 AA 00 54 01 54 01 00 00 00 4D 01 80 96 F2 00 F0 00 27 01 00 00 A0 37 1B 0C 09 05 25 E8 38 08 08 04 00 00 00 00 00 00 00 00 00 00 FD FF 00 00
04:31:27.918 * rx 40916 +64/105#1695 00 00 00 00 01 00 10 00 00 07 00 00 00 00 00 00 00 00 00 00 00 00 00 24 01 70 00 00 00 00 00 70 00 00 00 00 00 11 A0 0B 55
04:31:27.928 * rx 40919 F0 30 00 01 01 06 82 00 E1 41 D8 0F 10 EC 3E 52 44 5E 00 01 00 1C 28 28 00 00 DF 41 00 00 87 00 39 02 00 00 00 00 00 00 00 01 FF 01 00 41 08 55
04:31:27.933 * tx 40932 F0 1D 00 01 02 03 C2 2E 00 B2 11 B2 11 1C 00 00 06 00 00 02 00 02 01 00 00 00 C0 02 55
04:31:27.938 * tx 40933 F0 16 00 01 02 04 00 00 19 83 00 00 3D 00 00 00 01 00 00 F7 00 55
04:31:27.947 * rx 40933 +0/105#1699 F0 69 00 01 02 05 05 14 05 14 01 00 00 00 02 AA 00 AA 00 54 01 54 01 00 00 00 4D 01 80 96 F2 00 F0 00 27 01 00 00 A0 37 1B 0C 09 05 D0 F9 F8 FF 00 00 00 00 00 00 00 00 00 00 00 00 FD FF 00 00
04:31:27.955 * rx 40933 +64/105#1699 00 00 00 00 01 00 10 00 00 07 00 00 00 00 00 00 00 00 00 00 00 00 00 24 01 70 00 00 00 00 00 70 00 00 00 00 00 11 08 0E 55
04:31:27.961 * rx 40935 F0 30 00 01 02 06 82 00 E1 41 D8 0F 10 EC 3E 52 44 5E 00 01 00 1C 28 28 00 00 DF 41 00 00 87 00 39 02 00 00 00 00 00 01 00 FF 01 00 00 42 08 55
04:31:27.971 * tx 40948 F0 1D 00 01 03 03 C2 2E 00 B2 11 B2 11 1C 00 00 06 00 00 02 00 02 01 00 00 00 C1 02 55
04:31:27.981 * tx 40948 F0 16 00 01 03 04 00 00 19 83 00 00 3D 00 00 00 01 00 00 F8 00 55
04:31:27.989 * rx 40950 +0/105#1703 F0 69 00 01 03 05 05 14 05 14 01 00 00 00 02 AA 00 AA 00 54 01 54 01 00 00 00 4D 01 80 96 F2 00 F0 00 27 01 00 00 A0 37 1B 0C 09 05 25 E8 38 08 08 04 00 00 00 00 00 00 00 00 00 00 FD FF 00 00
04:31:27.995 * rx 40950 +64/105#1703 00 00 00 00 01 00 10 00 00 07 00 00 00 00 00 00 00 00 00 00 00 00 00 24 01 70 00 00 00 00 00 70 00 00 00 00 00 11 A2 0B 55
04:31:28.691 > LOG OFF
04:31:28.703 ok log=0 all=0
